0
0
0
0
2
3
4
4
5
6
7
8
10
10
10
11
11
12
12
13
14
15
16
18
19
20
21
23
23
23
27
29
30
33
33
35
36
37
38
38
39
39
40
41
42
43
44
45
45
46
46
47
47
48
49
49
49
52
52
57
58
58
61
63
63
63
64
65
65
66
67
67
67
68
68
69
69
69
69
70
70
70
71
74
75
76
76
79
80
80
83
84
85
86
86
87
87
88
90
91
91
92
93
95
95
96
99
99
100
100
102
102
105
106
106
110
111
112
113
113
115
116
119
119
120
120
121
123
125
126
127
127
127
128
129
129
129
130
133
134
136
137
137
137
140
141
141
142
143
145
146
146
148
148
149
149
149
149
149
155
155
156
157
158
158
159
161
161
162
162
163
166
172
172
172
173
174
174
176
177
178
179
181
182
182
183
184
184
185
185
185
187
190
190
192
193
195
197
197
198
199
200
202
203
203
203
204
206
207
207
208
208
209
211
211
212
212
214
214
214
215
216
217
219
220
220
221
223
223
224
225
226
226
230
230
230
235
236
237
237
239
239
240
240
240
241
241
243
244
245
246
247
247
248
248
249
249
250
251
252
253
253
256
258
259
261
261
262
262
264
268
269
269
270
271
271
271
272
272
273
273
273
274
274
274
278
280
281
281
281
284
284
285
287
289
289
290
292
293
293
294
294
295
296
296
296
299
300
300
301
301
302
304
304
305
306
306
308
309
309
312
313
314
314
316
318
318
318
320
320
320
321
322
322
327
327
327
328
328
329
329
329
333
336
337
340
340
342
344
345
346
347
347
349
349
350
350
350
351
352
352
353
355
356
357
358
359
363
365
365
366
370
371
373
374
375
377
378
381
381
382
383
386
388
388
388
388
389
390
391
394
397
399
400
400
401
401
403
404
406
406
407
407
407
408
409
409
410
410
410
410
410
411
411
411
412
413
413
414
414
418
419
421
422
423
424
426
426
427
427
428
428
431
431
432
434
435
436
436
436
436
437
437
438
438
438
439
442
444
444
445
445
445
446
447
449
451
451
452
452
455
455
456
458
458
458
460
461
462
462
465
465
468
469
469
470
471
471
473
474
475
475
475
478
481
483
483
485
485
487
487
487
487
491
492
493
493
494
495
496
497
499
499
499
502
502
505
509
510
510
512
515
515
516
519
520
521
521
521
523
523
524
524
526
526
530
531
532
532
533
533
533
534
534
537
539
539
540
544
544
544
545
546
546
546
548
551
551
552
553
554
555
555
557
558
560
562
565
566
567
568
570
571
573
573
573
574
579
580
581
581
582
583
583
584
584
585
588
588
588
590
591
592
594
595
597
598
598
598
599
600
604
605
605
605
611
611
612
612
618
618
619
619
620
621
622
623
624
630
630
631
631
632
633
636
637
640
640
644
645
645
645
647
647
649
649
651
651
652
652
653
654
655
655
656
656
657
658
661
662
663
664
665
666
666
667
667
668
669
672
672
674
674
675
675
675
675
676
676
676
678
679
679
680
680
681
687
688
688
690
691
691
692
694
696
696
697
697
699
699
702
703
703
707
709
709
709
710
711
712
713
713
714
714
715
716
717
718
718
719
719
719
720
721
724
724
725
726
727
727
727
727
728
731
732
733
734
735
735
735
735
735
739
740
741
744
746
747
748
751
751
751
752
755
756
758
759
759
759
759
761
762
763
764
764
765
765
766
767
769
771
772
773
773
774
774
775
777
777
779
780
782
782
782
783
785
785
786
787
788
788
789
791
791
793
795
797
801
801
802
804
804
806
806
808
809
810
810
810
810
810
811
812
814
815
816
817
820
822
823
823
824
826
826
827
829
829
830
830
831
832
833
834
835
835
836
838
839
840
840
842
843
844
844
844
845
846
846
848
849
852
856
863
869
870
870
870
872
873
874
874
874
875
877
877
878
879
879
880
883
885
886
887
888
888
888
888
889
889
890
893
894
895
895
896
897
899
899
901
901
905
905
905
906
908
909
909
909
910
911
911
912
913
915
917
919
919
922
922
922
924
924
924
925
926
928
929
930
931
932
933
934
936
937
937
941
941
942
942
944
944
944
947
948
949
953
953
956
956
956
957
957
959
960
961
963
965
965
966
966
967
967
968
969
969
970
971
972
973
974
975
977
978
978
980
980
981
981
981
983
985
985
986
986
986
987
989
989
997
998
999
1000
1002
1003
1003
1006
1007
1007
1008
1009
1010
1010
1011
1012
1012
1013
1013
1014
1015
1015
1016
1017
1017
1019
1020
1021
1021
1021
1021
1022
1022
1025
1026
1027
1027
1028
1028
1030
1030
1030
1031
1032
1033
1033
1033
1034
1034
1036
1037
1039
1040
1041
1041
1041
1042
1042
1044
1044
1045
1045
1048
1051
1051
1052
1053
1053
1053
1054
1055
1056
1056
1059
1059
1062
1062
1064
1064
1067
1068
1068
1072
1074
1075
1075
1077
1077
1078
1083
1083
1083
1084
1086
1087
1088
1088
1089
1091
1091
1092
1093
1096
1098
1099
1099
1101
1101
1102
1102
1103
1103
1104
1105
1107
1108
1111
1111
1114
1114
1115
1115
1116
1117
1118
1120
1122
1122
1123
1126
1128
1129
1130
1130
1131
1132
1134
1135
1135
1136
1137
1137
1137
1138
1138
1139
1140
1140
1142
1142
1142
1142
1142
1142
1143
1143
1144
1146
1146
1146
1147
1147
1148
1148
1148
1149
1150
1152
1154
1154
1155
1156
1157
1157
1160
1160
1160
1161
1163
1165
1166
1166
1167
1168
1169
1170
1172
1172
1172
1173
1173
1175
1178
1179
1179
1180
1181
1181
1181
1188
1189
1189
1190
1192
1193
1194
1194
1194
1196
1198
1198
1200
1201
1202
1202
1202
1202
1203
1205
1205
1206
1209
1209
1210
1211
1211
1212
1215
1215
1216
1218
1220
1221
1222
1222
1222
1223
1225
1225
1225
1227
1227
1229
1232
1232
1232
1235
1235
1238
1238
1240
1240
1241
1241
1241
1242
1244
1246
1247
1247
1247
1247
1247
1248
1249
1250
1253
1254
1258
1261
1261
1262
1266
1267
1270
1270
1271
1271
1272
1273
1273
1274
1274
1274
1275
1275
1276
1277
1277
1278
1278
1278
1278
1279
1280
1281
1281
1283
1283
1285
1288
1289
1290
1292
1292
1293
1293
1294
1295
1296
1296
1297
1298
1298
1301
1302
1302
1302
1302
1303
1303
1305
1306
1307
1307
1308
1308
1308
1309
1312
1314
1314
1315
1325
1327
1328
1329
1331
1332
1334
1336
1337
1337
1341
1341
1342
1344
1344
1345
1345
1347
1348
1348
1348
1349
1349
1349
1349
1350
1350
1352
1353
1353
1354
1355
1355
1355
1355
1356
1356
1357
1358
1360
1361
1361
1362
1363
1366
1366
1367
1367
1367
1367
1368
1368
1369
1369
1370
1370
1371
1377
1377
1377
1378
1380
1382
1382
1382
1382
1385
1385
1387
1387
1388
1388
1389
1389
1390
1390
1392
1392
1392
1393
1394
1394
1396
1397
1398
1399
1399
1400
1401
1403
1404
1406
1406
1407
1407
1409
1410
1411
1413
1414
1416
1417
1417
1418
1418
1420
1420
1420
1421
1421
1425
1425
1426
1426
1426
1426
1427
1427
1429
1430
1432
1432
1433
1433
1433
1435
1436
1437
1438
1438
1438
1441
1441
1443
1443
1444
1445
1446
1448
1448
1448
1449
1450
1450
1451
1453
1454
1454
1457
1457
1457
1458
1459
1461
1462
1463
1463
1463
1465
1466
1468
1472
1474
1474
1475
1475
1480
1481
1481
1482
1484
1484
1484
1485
1485
1485
1485
1488
1489
1489
1489
1490
1494
1494
1496
1496
1497
1498
1498
1498
1498
1499
1500
1501
1503
1507
1510
1510
1510
1510
1512
1512
1513
1513
1513
1514
1514
1514
1517
1517
1518
1519
1520
1520
1521
1521
1522
1524
1525
1529
1529
1531
1531
1532
1532
1532
1532
1533
1533
1533
1537
1538
1538
1538
1539
1539
1540
1540
1541
1541
1542
1543
1545
1545
1545
1547
1547
1553
1554
1556
1560
1561
1562
1564
1565
1566
1566
1567
1568
1569
1569
1569
1572
1573
1574
1576
1577
1578
1578
1580
1583
1584
1584
1585
1588
1592
1592
1593
1597
1600
1603
1603
1604
1605
1605
1606
1606
1608
1608
1608
1609
1609
1609
1610
1611
1615
1616
1616
1619
1621
1622
1622
1623
1624
1625
1625
1625
1625
1626
1626
1632
1632
1632
1632
1633
1634
1635
1635
1635
1636
1637
1637
1638
1639
1640
1640
1644
1645
1645
1646
1646
1647
1649
1651
1651
1653
1654
1656
1656
1656
1658
1658
1659
1659
1661
1661
1663
1663
1664
1664
1666
1667
1668
1670
1670
1673
1673
1673
1674
1674
1675
1677
1679
1679
1680
1681
1681
1682
1685
1685
1686
1688
1689
1689
1690
1692
1695
1697
1698
1699
1702
1703
1703
1704
1705
1705
1706
1706
1707
1708
1709
1709
1714
1714
1714
1715
1718
1719
1719
1721
1721
1724
1725
1728
1729
1729
1729
1732
1733
1733
1733
1733
1734
1735
1739
1742
1742
1743
1744
1744
1745
1746
1747
1748
1748
1750
1751
1753
1754
1754
1755
1764
1765
1766
1766
1768
1769
1769
1769
1772
1772
1774
1775
1776
1779
1780
1781
1781
1782
1783
1784
1784
1784
1785
1788
1790
1791
1799
1799
1799
1799
1800
1800
1801
1803
1804
1804
1804
1804
1804
1806
1807
1809
1810
1811
1813
1814
1814
1815
1817
1821
1822
1822
1823
1823
1824
1826
1826
1827
1827
1827
1827
1828
1828
1829
1829
1830
1830
1832
1833
1834
1837
1837
1838
1838
1839
1844
1845
1845
1849
1849
1851
1852
1854
1856
1857
1857
1858
1860
1860
1864
1864
1864
1866
1866
1866
1867
1868
1868
1868
1868
1870
1870
1874
1875
1875
1876
1877
1877
1877
1877
1878
1878
1879
1879
1880
1882
1883
1883
1883
1884
1884
1887
1888
1889
1890
1890
1892
1892
1893
1893
1894
1894
1896
1896
1898
1898
1898
1901
1902
1902
1903
1903
1905
1907
1907
1909
1910
1910
1910
1911
1911
1913
1915
1915
1915
1916
1917
1918
1919
1921
1921
1922
1923
1925
1925
1925
1925
1926
1926
1927
1927
1928
1928
1928
1930
1930
1930
1932
1932
1932
1932
1933
1933
1935
1935
1936
1936
1939
1941
1942
1942
1943
1943
1943
1946
1946
1947
1948
1948
1948
1948
1949
1949
1954
1954
1954
1956
1957
1957
1958
1960
1962
1963
1964
1965
1966
1966
1966
1967
1968
1969
1970
1972
1973
1973
1977
1977
1977
1978
1979
1980
1980
1980
1981
1982
1982
1986
1987
1988
1988
1988
1989
1989
1991
1993
1994
1996
1999
1999
2000
2001
2002
2004
2004
2005
2007
2009
2010
2010
2010
2011
2012
2012
2012
2013
2014
2018
2019
2020
2021
2022
2023
2025
2025
2025
2026
2026
2027
2027
2027
2027
2027
2030
2031
2032
2032
2033
2035
2035
2036
2036
2036
2038
2039
2040
2042
2043
2048
2048
2052
2052
2053
2053
2053
2054
2054
2056
2058
2058
2059
2060
2063
2064
2065
2068
2068
2069
2070
2071
2072
2073
2073
2074
2075
2075
2075
2076
2076
2077
2077
2078
2078
2078
2079
2080
2081
2083
2083
2083
2084
2084
2084
2085
2087
2088
2088
2090
2092
2092
2093
2093
2094
2096
2100
2100
2100
2100
2101
2102
2102
2104
2110
2112
2112
2113
2114
2114
2116
2116
2116
2118
2119
2121
2123
2128
2129
2133
2134
2134
2134
2135
2135
2136
2136
2138
2139
2141
2144
2145
2146
2146
2146
2148
2148
2149
2151
2151
2152
2152
2152
2153
2153
2154
2154
2155
2156
2157
2158
2158
2159
2159
2160
2160
2160
2162
2162
2164
2165
2165
2167
2168
2169
2169
2169
2172
2173
2174
2176
2177
2178
2178
2180
2180
2181
2181
2181
2182
2183
2183
2184
2188
2189
2193
2195
2197
2199
2200
2203
2203
2204
2205
2206
2206
2211
2213
2213
2213
2214
2215
2215
2216
2217
2218
2218
2218
2219
2220
2221
2221
2223
2225
2226
2226
2227
2229
2229
2229
2230
2231
2241
2242
2243
2243
2243
2244
2246
2246
2247
2247
2248
2251
2253
2253
2254
2255
2257
2257
2259
2259
2260
2260
2261
2261
2262
2262
2262
2263
2264
2265
2266
2266
2267
2268
2268
2269
2270
2270
2272
2273
2274
2274
2279
2279
2281
2282
2282
2282
2283
2283
2283
2283
2283
2283
2286
2286
2289
2290
2290
2291
2291
2292
2292
2292
2293
2293
2295
2297
2297
2300
2300
2301
2301
2302
2302
2303
2307
2308
2309
2310
2311
2311
2314
2315
2315
2315
2315
2316
2317
2317
2318
2320
2324
2325
2326
2326
2327
2329
2329
2330
2331
2332
2333
2333
2334
2336
2336
2339
2341
2341
2343
2344
2346
2346
2346
2348
2348
2348
2348
2349
2350
2352
2352
2353
2353
2354
2354
2356
2357
2358
2360
2360
2362
2362
2362
2363
2364
2364
2365
2365
2370
2371
2371
2374
2374
2374
2376
2376
2376
2378
2378
2378
2379
2385
2386
2388
2388
2389
2390
2392
2393
2393
2394
2397
2398
2399
2399
2401
2401
2402
2402
2402
2403
2405
2407
2407
2407
2408
2408
2409
2410
2410
2410
2411
2415
2418
2418
2419
2419
2419
2420
2420
2420
2422
2422
2423
2424
2425
2430
2430
2430
2431
2432
2435
2435
2437
2437
2437
2439
2439
2441
2442
2443
2444
2444
2446
2447
2448
2448
2448
2449
2451
2452
2452
2453
2454
2458
2459
2460
2462
2462
2465
2465
2465
2468
2469
2469
2469
2469
2469
2469
2471
2474
2476
2478
2478
2481
2481
2483
2484
2488
2489
2489
2489
2493
2493
2494
2494
2495
2496
2497
2497
2499
2499
2503
2503
2504
2506
2506
2506
2506
2508
2508
2510
2511
2512
2512
2513
2513
2514
2514
2516
2517
2521
2521
2522
2523
2524
2524
2525
2526
2530
2530
2530
2530
2531
2532
2533
2533
2533
2533
2534
2535
2536
2537
2538
2540
2541
2541
2543
2544
2544
2548
2548
2549
2549
2550
2550
2551
2551
2551
2553
2553
2553
2555
2556
2557
2558
2558
2559
2559
2560
2562
2563
2563
2564
2564
2568
2569
2570
2573
2573
2573
2574
2575
2575
2576
2577
2577
2578
2578
2578
2579
2579
2580
2580
2580
2581
2581
2582
2583
2583
2584
2586
2590
2595
2596
2596
2597
2598
2598
2599
2600
2601
2605
2607
2609
2610
2612
2612
2613
2613
2613
2614
2615
2620
2620
2620
2620
2621
2622
2622
2623
2623
2624
2624
2624
2624
2624
2625
2625
2626
2626
2627
2628
2629
2629
2631
2634
2634
2635
2636
2636
2636
2637
2641
2641
2641
2643
2644
2645
2647
2647
2648
2648
2648
2650
2651
2652
2654
2654
2655
2656
2657
2658
2659
2659
2662
2662
2662
2665
2665
2667
2668
2669
2669
2670
2671
2672
2673
2673
2673
2673
2675
2678
2678
2680
2680
2681
2682
2684
2686
2687
2687
2689
2689
2690
2691
2692
2692
2692
2692
2693
2693
2694
2694
2695
2698
2699
2700
2701
2701
2701
2701
2702
2703
2705
2706
2707
2707
2708
2708
2710
2710
2712
2713
2713
2715
2715
2715
2716
2717
2718
2718
2718
2719
2720
2720
2720
2721
2721
2723
2726
2726
2727
2727
2729
2731
2732
2732
2735
2736
2737
2738
2740
2740
2742
2742
2742
2742
2743
2744
2744
2745
2745
2747
2748
2749
2749
2750
2751
2751
2752
2754
2755
2757
2758
2758
2759
2760
2761
2761
2761
2763
2764
2765
2767
2768
2771
2773
2775
2778
2779
2780
2780
2784
2787
2788
2788
2789
2795
2796
2797
2797
2798
2800
2801
2801
2802
2802
2803
2805
2805
2806
2806
2807
2808
2808
2808
2809
2810
2811
2811
2812
2813
2814
2815
2816
2816
2816
2816
2818
2821
2822
2822
2825
2826
2827
2829
2830
2830
2831
2832
2833
2833
2834
2836
2839
2841
2841
2844
2846
2847
2848
2850
2856
2856
2857
2858
2859
2859
2861
2861
2862
2864
2864
2864
2867
2868
2871
2872
2872
2873
2874
2874
2876
2876
2876
2877
2878
2878
2879
2885
2885
2885
2887
2887
2892
2892
2893
2893
2893
2894
2898
2898
2898
2901
2902
2902
2904
2905
2905
2906
2906
2906
2909
2910
2913
2915
2916
2916
2920
2920
2921
2921
2922
2922
2923
2923
2923
2924
2926
2928
2929
2929
2930
2932
2934
2935
2935
2935
2937
2937
2939
2939
2940
2944
2944
2945
2947
2947
2950
2950
2951
2952
2952
2953
2953
2953
2955
2956
2956
2957
2957
2958
2959
2961
2961
2964
2965
2965
2967
2969
2970
2972
2978
2980
2980
2981
2981
2982
2982
2982
2983
2983
2983
2984
2986
2987
2988
2988
2990
2991
2993
2994
2994
2995
2996
2996
2997
2998
2998
2999
3000
3000
3002
3003
3003
3003
3003
3005
3010
3011
3012
3013
3015
3016
3017
3018
3019
3019
3020
3020
3021
3022
3022
3023
3024
3025
3026
3026
3027
3028
3028
3028
3029
3029
3029
3029
3032
3032
3034
3035
3035
3035
3036
3037
3039
3041
3042
3043
3044
3045
3046
3047
3048
3049
3052
3053
3054
3057
3058
3058
3061
3062
3063
3063
3065
3065
3065
3066
3067
3067
3067
3068
3070
3070
3072
3072
3073
3073
3073
3074
3077
3080
3081
3083
3084
3084
3086
3086
3088
3089
3089
3089
3089
3091
3091
3093
3096
3096
3096
3097
3099
3102
3103
3103
3104
3104
3104
3105
3106
3107
3108
3110
3110
3111
3111
3112
3113
3114
3116
3118
3119
3119
3120
3121
3122
3123
3125
3126
3127
3128
3129
3129
3130
3132
3136
3137
3137
3139
3140
3141
3143
3144
3144
3148
3149
3150
3151
3151
3151
3152
3152
3154
3154
3156
3156
3156
3157
3159
3161
3162
3163
3163
3163
3165
3165
3167
3168
3168
3168
3170
3173
3173
3173
3174
3178
3179
3180
3181
3181
3183
3185
3186
3186
3187
3187
3189
3191
3192
3194
3195
3195
3195
3197
3197
3199
3199
3199
3200
3202
3202
3203
3203
3204
3205
3209
3209
3210
3210
3211
3212
3212
3213
3214
3215
3215
3215
3215
3216
3219
3220
3221
3221
3224
3224
3225
3226
3226
3227
3227
3227
3228
3230
3231
3231
3232
3232
3232
3234
3234
3235
3240
3241
3241
3242
3243
3243
3243
3244
3245
3246
3247
3248
3248
3249
3251
3252
3252
3253
3254
3255
3258
3259
3259
3260
3263
3263
3263
3264
3266
3267
3268
3271
3271
3271
3271
3272
3272
3274
3279
3280
3281
3281
3282
3286
3288
3289
3289
3290
3290
3291
3291
3291
3292
3293
3293
3295
3296
3296
3298
3298
3298
3298
3300
3300
3300
3301
3301
3301
3302
3302
3302
3302
3304
3306
3306
3306
3309
3310
3310
3312
3313
3314
3314
3314
3315
3315
3316
3317
3317
3321
3321
3322
3322
3322
3324
3325
3330
3331
3332
3333
3334
3334
3335
3336
3336
3338
3338
3339
3340
3342
3342
3343
3343
3345
3345
3347
3348
3348
3349
3351
3352
3352
3352
3355
3356
3357
3357
3357
3358
3359
3361
3362
3364
3365
3365
3365
3366
3367
3367
3369
3369
3370
3371
3372
3374
3374
3374
3375
3379
3382
3384
3384
3385
3386
3389
3389
3390
3390
3391
3393
3396
3396
3397
3397
3399
3400
3402
3403
3404
3406
3407
3408
3408
3409
3413
3413
3416
3416
3418
3418
3418
3419
3421
3422
3422
3424
3425
3426
3426
3428
3430
3431
3431
3432
3435
3436
3436
3436
3436
3438
3439
3439
3440
3440
3441
3441
3443
3445
3446
3446
3446
3447
3448
3448
3449
3450
3450
3450
3451
3451
3451
3452
3452
3452
3452
3453
3454
3454
3454
3454
3456
3456
3457
3457
3457
3458
3458
3459
3460
3461
3461
3463
3463
3463
3464
3465
3467
3468
3468
3470
3471
3474
3474
3475
3475
3475
3475
3476
3477
3479
3480
3480
3482
3482
3484
3486
3487
3490
3490
3492
3492
3495
3496
3496
3499
3502
3503
3503
3504
3504
3508
3508
3509
3510
3511
3513
3514
3514
3515
3516
3516
3516
3518
3520
3521
3521
3523
3524
3524
3525
3526
3526
3527
3527
3529
3529
3530
3530
3531
3532
3533
3533
3535
3535
3536
3536
3536
3538
3538
3538
3538
3539
3540
3540
3540
3540
3541
3542
3544
3546
3546
3547
3547
3547
3550
3550
3551
3551
3553
3553
3554
3555
3556
3556
3556
3558
3558
3560
3560
3560
3561
3561
3562
3563
3563
3563
3564
3565
3566
3566
3569
3573
3576
3576
3577
3577
3581
3582
3585
3586
3587
3589
3590
3590
3590
3591
3592
3593
3594
3595
3597
3598
3599
3600
3600
3601
3601
3603
3607
3607
3609
3610
3610
3610
3611
3612
3613
3614
3616
3617
3619
3620
3621
3621
3623
3623
3624
3625
3626
3627
3627
3627
3629
3629
3631
3631
3632
3635
3636
3638
3639
3641
3644
3645
3647
3647
3648
3649
3649
3651
3652
3652
3653
3655
3657
3658
3659
3660
3662
3662
3662
3663
3663
3663
3664
3666
3667
3667
3667
3668
3668
3668
3669
3671
3672
3673
3673
3674
3678
3681
3682
3683
3684
3684
3685
3685
3689
3690
3691
3692
3692
3693
3693
3694
3695
3697
3698
3698
3698
3700
3700
3700
3700
3701
3701
3701
3702
3703
3703
3703
3704
3704
3705
3705
3706
3706
3707
3707
3707
3709
3710
3710
3710
3711
3711
3712
3712
3713
3715
3715
3717
3717
3717
3718
3718
3719
3719
3720
3720
3723
3724
3727
3727
3728
3729
3730
3730
3730
3732
3732
3733
3736
3737
3737
3737
3739
3740
3742
3744
3744
3744
3746
3747
3747
3748
3749
3749
3750
3750
3751
3752
3753
3756
3756
3758
3758
3759
3760
3761
3762
3762
3762
3762
3763
3767
3767
3768
3769
3769
3771
3771
3772
3772
3773
3780
3782
3783
3787
3788
3788
3791
3791
3793
3794
3794
3794
3795
3797
3798
3800
3800
3801
3802
3803
3804
3805
3806
3808
3809
3809
3809
3809
3810
3811
3811
3812
3813
3813
3813
3816
3816
3819
3819
3820
3821
3821
3822
3823
3823
3823
3824
3827
3828
3828
3830
3833
3833
3834
3836
3838
3838
3838
3840
3840
3841
3842
3843
3844
3844
3845
3847
3847
3848
3850
3852
3852
3852
3854
3859
3860
3860
3861
3862
3865
3868
3868
3869
3870
3870
3870
3871
3873
3873
3874
3874
3875
3876
3878
3879
3883
3883
3884
3884
3885
3888
3888
3888
3888
3890
3890
3891
3894
3898
3898
3899
3900
3902
3903
3904
3908
3910
3910
3912
3914
3914
3915
3916
3920
3925
3928
3928
3931
3931
3931
3934
3935
3936
3938
3939
3941
3942
3942
3944
3945
3945
3947
3947
3948
3950
3953
3955
3955
3956
3957
3957
3960
3960
3961
3962
3965
3967
3967
3968
3974
3974
3974
3975
3976
3981
3982
3984
3985
3985
3987
3988
3989
3990
3990
3990
3990
3991
3993
3994
3995
3995
3996
3996
3996
3996
3997
3997
3997
3997
3998
4001
4003
4004
4006
4006
4006
4007
4012
4012
4013
4016
4016
4017
4019
4020
4020
4022
4025
4025
4026
4027
4029
4030
4031
4032
4032
4033
4033
4034
4035
4035
4036
4038
4039
4039
4039
4043
4044
4045
4046
4046
4046
4049
4051
4054
4055
4056
4056
4057
4060
4060
4062
4064
4065
4068
4068
4070
4071
4073
4073
4074
4076
4076
4077
4077
4080
4081
4082
4083
4084
4086
4086
4087
4087
4090
4091
4092
4092
4096
4096
4097
4099
4099
4099
4101
4102
4104
4104
4105
4108
4109
4111
4113
4115
4117
4118
4118
4119
4120
4120
4121
4123
4124
4129
4129
4131
4132
4132
4137
4137
4138
4138
4139
4140
4143
4144
4144
4145
4150
4151
4152
4153
4153
4153
4153
4155
4157
4157
4157
4158
4158
4161
4162
4163
4164
4165
4166
4167
4167
4168
4168
4169
4171
4172
4172
4176
4176
4180
4180
4181
4183
4184
4184
4185
4185
4186
4186
4188
4189
4191
4191
4192
4192
4193
4198
4200
4204
4205
4206
4207
4207
4207
4207
4207
4208
4209
4209
4209
4210
4210
4210
4211
4211
4212
4216
4217
4217
4219
4220
4220
4220
4222
4222
4222
4223
4223
4223
4224
4225
4225
4230
4231
4233
4236
4237
4238
4239
4239
4239
4242
4247
4249
4249
4249
4249
4251
4252
4254
4257
4257
4258
4259
4260
4263
4263
4264
4264
4268
4269
4271
4272
4272
4273
4274
4274
4274
4274
4275
4276
4277
4277
4277
4277
4278
4280
4280
4280
4281
4283
4283
4284
4286
4287
4287
4287
4288
4288
4289
4290
4290
4290
4290
4291
4292
4293
4293
4295
4295
4295
4297
4298
4298
4298
4302
4303
4303
4304
4306
4310
4310
4310
4311
4314
4314
4318
4319
4319
4320
4320
4322
4324
4325
4326
4326
4327
4327
4327
4327
4329
4330
4334
4335
4335
4335
4336
4337
4338
4338
4338
4338
4339
4342
4342
4342
4347
4348
4349
4350
4353
4354
4356
4358
4360
4361
4361
4362
4363
4363
4363
4367
4367
4368
4368
4371
4373
4373
4373
4376
4376
4376
4377
4377
4377
4377
4378
4379
4379
4380
4381
4381
4383
4384
4385
4386
4386
4387
4387
4388
4389
4390
4390
4391
4391
4391
4391
4392
4392
4392
4394
4396
4396
4398
4399
4400
4401
4403
4404
4404
4404
4406
4406
4406
4407
4408
4408
4410
4412
4413
4414
4416
4416
4416
4416
4417
4420
4421
4421
4422
4424
4424
4430
4433
4434
4434
4436
4436
4436
4437
4437
4438
4440
4442
4443
4444
4448
4448
4448
4449
4452
4453
4453
4453
4454
4455
4456
4457
4458
4459
4459
4460
4463
4466
4466
4466
4466
4467
4468
4469
4471
4473
4473
4474
4475
4475
4475
4476
4478
4479
4479
4480
4480
4482
4484
4485
4486
4488
4491
4491
4492
4493
4494
4494
4495
4496
4496
4496
4499
4503
4503
4503
4504
4505
4507
4510
4511
4511
4512
4512
4512
4514
4515
4516
4516
4517
4520
4520
4521
4523
4523
4523
4523
4524
4529
4530
4531
4533
4536
4537
4537
4539
4540
4541
4542
4542
4543
4543
4544
4547
4548
4550
4551
4551
4552
4552
4553
4554
4554
4554
4554
4555
4555
4555
4559
4559
4561
4561
4561
4562
4562
4563
4564
4565
4566
4567
4568
4573
4573
4575
4576
4577
4578
4579
4580
4582
4584
4585
4585
4586
4588
4590
4592
4592
4595
4595
4595
4596
4599
4601
4601
4601
4601
4601
4602
4602
4603
4606
4607
4608
4609
4610
4611
4611
4612
4613
4614
4615
4616
4616
4616
4617
4618
4618
4618
4619
4620
4620
4620
4620
4621
4622
4622
4622
4623
4624
4625
4627
4628
4628
4629
4632
4632
4632
4633
4633
4633
4634
4635
4635
4638
4638
4639
4644
4645
4645
4645
4645
4645
4648
4650
4651
4652
4652
4653
4653
4653
4656
4656
4657
4658
4659
4662
4664
4665
4666
4666
4668
4670
4673
4673
4673
4674
4674
4678
4680
4681
4682
4683
4684
4685
4685
4686
4686
4687
4687
4689
4689
4690
4690
4690
4691
4691
4692
4692
4693
4693
4697
4698
4698
4700
4701
4705
4706
4706
4707
4709
4710
4711
4713
4714
4714
4714
4715
4715
4717
4717
4717
4718
4720
4720
4720
4723
4723
4724
4724
4725
4725
4725
4728
4729
4729
4729
4729
4730
4730
4731
4731
4733
4734
4735
4736
4737
4737
4737
4738
4738
4739
4740
4741
4741
4741
4741
4742
4742
4742
4743
4748
4749
4750
4751
4751
4751
4752
4753
4753
4755
4759
4759
4759
4759
4762
4763
4764
4765
4765
4766
4767
4768
4769
4769
4770
4771
4771
4772
4773
4773
4773
4773
4773
4773
4774
4774
4775
4775
4776
4777
4777
4778
4780
4780
4780
4781
4781
4786
4787
4787
4788
4788
4789
4789
4790
4791
4791
4794
4796
4797
4799
4807
4807
4809
4809
4810
4811
4811
4812
4813
4813
4813
4814
4814
4814
4816
4818
4818
4819
4820
4821
4822
4822
4823
4825
4825
4825
4827
4829
4830
4831
4832
4834
4834
4835
4838
4839
4841
4841
4842
4842
4843
4845
4845
4847
4849
4849
4850
4850
4852
4852
4852
4852
4853
4854
4859
4860
4860
4862
4862
4863
4863
4864
4864
4865
4866
4867
4867
4867
4868
4868
4869
4870
4871
4873
4874
4874
4875
4876
4877
4879
4879
4880
4880
4881
4881
4881
4881
4882
4882
4883
4884
4886
4886
4887
4888
4889
4893
4893
4898
4898
4898
4899
4900
4901
4901
4904
4906
4908
4908
4910
4911
4913
4913
4913
4914
4920
4920
4921
4923
4925
4927
4928
4928
4928
4932
4933
4936
4937
4940
4942
4944
4945
4945
4948
4948
4948
4949
4951
4954
4954
4955
4956
4957
4958
4959
4960
4960
4961
4964
4964
4964
4967
4969
4971
4972
4972
4973
4973
4974
4976
4979
4980
4980
4982
4982
4985
4989
4991
4991
4992
4994
4994
4994
4996
5000
5000
5003
5005
5007
5012
5014
5015
5017
5017
5018
5019
5021
5021
5024
5025
5029
5029
5030
5030
5031
5035
5035
5036
5036
5036
5044
5044
5045
5046
5046
5048
5049
5050
5052
5053
5054
5054
5054
5056
5056
5057
5058
5060
5061
5062
5062
5062
5063
5066
5066
5067
5067
5068
5069
5070
5071
5077
5079
5079
5081
5082
5082
5087
5087
5087
5088
5090
5091
5091
5093
5094
5095
5095
5096
5096
5101
5103
5105
5105
5106
5107
5108
5109
5109
5115
5116
5117
5117
5121
5123
5126
5127
5127
5128
5130
5130
5133
5133
5134
5134
5135
5135
5138
5139
5141
5143
5155
5155
5157
5158
5158
5159
5163
5166
5167
5169
5173
5175
5175
5178
5179
5183
5187
5188
5196
5200
5203
5207
5208
5214
5223
5223
5224
5227
5233
5234
5236
5236
5237
5239
5239
5242
5242
5243
5244
5244
5245
5247
5250
5254
5255
5256
5258
5258
5262
5264
5266
5143
5268
5271
5272
5144
5277
5279
5284
5286
5289
5292
5293
5147
5296
5299
5300
5301
5304
5306
5310
5311
5319
5151
5321
5168
5325
5327
5329
5329
5333
5334
5335
5337
5339
5340
5341
5342
5342
5177
5348
5348
5349
5238
5357
5332
5357
5358
5359
5363
5364
5367
5369
5371
5371
5377
5377
5379
5379
5381
5381
5387
5388
5394
5396
5397
5398
5399
5403
5406
5408
5386
5409
5411
5412
5417
5419
5422
5423
5423
5425
5433
5436
5439
5442
5444
5446
5448
5449
5451
5457
5458
5460
5461
5463
5463
5465
5465
5467
5468
5469
5469
5473
5475
5479
5479
5480
5481
5483
5483
5487
5488
5490
5491
5491
5493
5496
5496
5503
5503
5504
5179
5506
5509
5510
5181
5510
5510
5512
5513
5517
5181
5517
5518
5519
5519
5521
5184
5521
5522
5523
5523
5530
5224
5531
5535
5536
5538
5538
5542
5545
5482
5547
5506
5548
5549
5550
5556
5567
5567
5570
5576
5576
5576
5578
5579
5581
5583
5583
5584
5585
5587
5587
5588
5589
5589
5590
5185
5591
5592
5592
5595
5596
5597
5600
5249
5602
5479
5610
5612
5615
5618
5619
5189
5621
5194
5624
5624
5628
5466
5629
5633
5636
5641
5643
5495
5643
5651
5652
5659
5660
5661
5664
5665
5667
5667
5668
5669
5670
5672
5673
5674
5674
5681
5681
5683
5684
5685
5689
5691
5694
5694
5696
5700
5705
5706
5706
5707
5709
5206
5709
5710
5711
5714
5717
5718
5719
5719
5721
5721
5723
5723
5725
5729
5730
5221
5730
5731
5733
5308
5737
5738
5740
5742
5747
5332
5750
5750
5753
5755
5756
5352
5756
5493
5758
5764
5764
5765
5767
5509
5767
5569
5771
5773
5776
5780
5782
5591
5782
5783
5785
5789
5790
5792
5794
5795
5796
5801
5801
5804
5805
5805
5805
5809
5810
5812
5813
5815
5816
5816
5817
5817
5820
5833
5834
5589
5837
5839
5841
5841
5845
5848
5850
5850
5853
5853
5854
5854
5861
5866
5867
5869
5875
5877
5880
5883
5886
5886
5896
5899
5899
5902
5907
5907
5908
5755
5909
5912
5912
5913
5915
5917
5917
5801
5918
5919
5920
5922
5922
5922
5923
5925
5925
5926
5927
5927
5931
5931
5932
5933
5934
5937
5937
5940
5941
5940
5941
5943
5944
5947
5947
5948
5949
5952
5954
5954
5954
5955
5955
5956
5963
5963
5965
5965
5967
5967
5969
5970
5971
5973
5974
5976
5977
5977
5979
5979
5984
5213
5984
5292
5987
5525
5988
5989
5990
5353
5990
5993
5996
5996
5996
5904
5997
5997
5998
5998
6002
6003
6005
6006
6009
6011
6013
6013
6014
5406
6014
6016
6016
6017
6019
6020
6021
5607
6022
5640
6022
6024
6024
6026
6026
6027
6027
6028
6028
6029
6030
6033
6038
6041
6042
6043
6045
6045
6045
6046
6047
6048
6049
6049
6050
6052
6055
6055
6058
6058
6059
5441
6059
6062
6064
6064
6064
6068
6070
6071
6072
6072
6073
6074
6074
6075
6076
6076
6078
6078
6082
6084
6084
6086
6092
6093
6095
6095
6097
5854
6100
6100
6102
6105
6106
6106
6107
6108
6112
6115
6116
6117
6117
6118
6118
6120
6128
6128
6132
6132
6134
6136
6137
6142
6143
6143
6144
6144
6145
5363
6146
6148
6150
6151
6154
6155
6155
6156
6163
6166
6168
5852
6168
6169
6175
6176
6178
6178
6180
6182
6182
6182
6183
6183
6184
6184
6186
6187
6187
5326
6187
6189
6190
5384
6191
6194
6198
6199
6203
6204
6206
6207
6207
6208
6208
6209
6209
6211
6217
6219
6222
6222
6225
6228
6230
6231
6242
6247
6247
6253
6257
6257
6257
6258
6260
6263
6266
6266
6278
6278
6279
6280
6281
6282
6285
6294
6295
6297
6298
6300
6302
6303
6303
6305
6308
6310
6310
6311
6311
6311
6313
6314
6318
6320
6320
6321
6323
6327
6329
5239
6331
5454
6334
6337
6337
5257
6340
5269
6340
6239
6343
6347
6347
6350
6350
6351
6352
5274
6353
5274
6354
6355
6357
5957
6357
6358
6360
6360
6362
6244
6362
5278
6365
6365
6366
6366
6366
6366
6366
6367
6368
6370
6373
6373
6376
6379
6381
6381
6381
5283
6385
6387
6388
6389
6392
5374
6393
6394
6398
5415
6399
6400
6401
5926
6401
6402
6402
6403
6403
6404
6406
6407
6409
6410
6410
6412
6413
6415
6417
6420
6425
6426
6427
5469
6427
5287
6432
6433
6433
5844
6434
6435
6436
6439
6441
6441
6443
6443
6449
5284
6452
6453
6453
6454
6455
6000
6455
6458
6458
6459
6461
6465
6466
6466
6470
6472
6472
6473
6477
6478
6478
6478
6479
6481
6485
5378
6488
6491
6491
6492
6493
5396
6493
5941
6494
6495
6496
5519
6497
6498
6500
6501
6502
6102
6503
6503
6503
6504
6505
6506
6507
6507
6507
5849
6512
6512
6513
6514
6516
6517
6518
6519
6519
5980
6521
6524
6529
6537
6541
5734
6543
6498
6548
6548
6549
6550
6551
6551
6552
5766
6552
6450
6552
6371
6554
6554
6555
6557
6558
6559
6560
6566
6567
6570
6573
6574
6575
6582
6582
6585
6585
6586
6586
6587
6589
6589
6590
6592
6593
6594
6595
6601
6602
6602
6605
6402
6607
6608
6608
6611
6612
6612
6612
6616
6617
6621
6622
6622
6623
6626
6628
6436
6630
6633
6634
6634
6638
5290
6640
5350
6644
6645
6645
6645
6648
6648
6650
5407
6653
6654
6655
6655
6656
6370
6659
6662
6663
5965
6664
6206
6664
6668
6668
6669
6670
5314
6675
6677
6679
5319
6681
6045
6682
6685
6685
6686
6686
5334
6690
5735
6691
6692
6693
5375
6694
5473
6698
6699
6700
6700
6702
6706
6707
5541
6710
5723
6711
6049
6713
6721
6722
6147
6726
6232
6728
6319
6729
6729
6729
6733
6735
6735
6735
6738
6738
6739
6741
6742
6743
6743
6744
6746
6746
6748
6749
6752
6757
6758
6762
6764
6764
6766
6767
6768
6768
6768
6769
6770
6770
6771
6771
6775
6776
6622
6777
6780
6782
6786
6790
6696
6791
6792
6792
6792
6793
6797
6798
6800
6800
6801
6804
6805
6811
5407
6813
6813
6816
5426
6817
5457
6819
5468
6821
5801
6825
6826
6828
6832
6833
6834
6839
6840
6845
5805
6850
5910
6851
6852
6853
6854
6854
5523
6855
5551
6856
6860
6863
6863
6864
5874
6866
6866
6866
6673
6868
6869
6870
6871
6872
6873
6875
6876
6878
5589
6878
6880
6880
6883
6886
5845
6889
6891
6891
6893
6895
6896
6896
5859
6897
5933
6900
6461
6902
6902
6902
6902
6903
6905
6905
6907
6910
5959
6912
6913
6914
6914
6915
5996
6915
6916
6917
6918
6923
6514
6925
6925
6925
6926
6927
6927
6927
6928
6928
6077
6930
6265
6931
6647
6932
6934
6936
6939
6940
6941
6941
6943
6945
6946
6947
6948
6948
6950
6951
6951
6954
6957
6957
6958
6959
6963
6963
6149
6965
6173
6968
6972
6972
6981
6982
6982
6986
6991
6991
6267
6991
6893
6991
6279
6996
6416
6998
6999
7000
7001
7002
7006
7007
7012
7013
6959
7014
7016
7016
7021
7026
6272
7026
7030
7033
7041
7042
6398
7047
7048
7048
6970
7050
6329
7050
7051
7058
7058
7059
6642
7059
6695
7060
7062
7062
7067
7067
7068
7071
7071
7071
7073
7074
7075
7076
7078
7081
7082
7083
7066
7084
7085
7086
7086
7087
7088
7089
6086
7089
6144
7090
6780
7093
7093
7097
7104
7106
7107
7108
7109
7109
7111
7111
7112
7118
7068
7120
6482
7123
7125
7127
6454
7127
5600
7129
6103
7130
7130
7130
5783
7132
6269
7132
7136
7137
6544
7138
7138
7144
7144
7144
7144
7147
7147
7148
7148
7149
7152
7152
7153
7155
7156
7158
7158
7158
6045
7162
7164
7165
7166
7167
7169
7169
7169
7173
6243
7174
7178
7181
7183
7184
7185
7186
5355
7186
7196
7196
7197
7200
7081
7202
7203
7204
5522
7205
6228
7209
5527
7210
7210
7211
5557
7212
7215
7216
7217
7218
7218
7220
5619
7220
6480
7220
7057
7220
6613
7225
6617
7227
7229
7229
7231
7234
5693
7235
7238
7240
7240
7241
7241
7241
5722
7242
5938
7243
7244
7245
6562
7248
7252
7257
7259
7259
6627
7262
7266
7266
7269
7270
6125
7270
7271
7272
6199
7272
7273
7273
7277
7278
5723
7279
7279
7280
7280
7281
5726
7283
7226
7283
7285
7286
7289
7289
6011
7289
7290
7290
7290
7291
7292
7294
7297
7299
7300
7302
7302
7302
6033
7310
6042
7311
7312
7313
6447
7314
7315
7320
7322
7323
6350
7329
6352
7329
7332
7334
7335
7336
7321
7336
7338
7338
6716
7338
7338
7341
7138
7342
6774
7343
6490
7343
6557
7345
7247
7346
7349
7349
6536
7350
6563
7351
6916
7353
6587
7354
6913
7354
7355
7356
7356
7356
5886
7358
7360
7360
7361
7362
7366
7367
6194
7369
7369
7370
6510
7371
7373
7374
6382
7375
6242
7383
6461
7383
7385
7389
7389
7390
6544
7390
7392
7399
7399
7400
7401
7403
7405
7406
7407
7410
7412
7414
5862
7415
6461
7416
6025
7418
6158
7419
7419
7420
6045
7423
6254
7424
7426
7427
7341
7427
6087
7430
6665
7432
6487
7438
7439
7439
6624
7439
7446
7446
6949
7447
7128
7453
7455
7456
7459
7462
7464
7467
7467
7470
6064
7473
6800
7478
7326
7479
7479
7480
7481
7482
6020
7483
6118
7484
6049
7484
6928
7484
7484
7485
7108
7487
7488
7489
7489
7490
7493
7499
7500
7503
7506
7509
7510
7511
7501
7512
7168
7515
7515
7517
7517
7517
7519
7519
7521
7521
7523
7524
7524
7525
7218
7525
7526
7528
7529
7529
5735
7537
6007
7538
6055
7538
7539
7544
5187
7548
7548
7549
7498
7550
7550
7551
5230
7551
5240
7552
5667
7554
6609
7558
7250
7562
7564
7565
7350
7565
7568
7569
5246
7569
6295
7581
7419
7582
6611
7582
7473
7583
7583
7587
7587
7589
7589
7593
6793
7596
7598
7601
6465
7601
5512
7603
7603
7604
7604
7604
5254
7605
7605
7607
6678
7609
7609
7612
7612
7613
7614
7614
5415
7615
6821
7617
7625
7630
7632
7633
5564
7635
5260
7635
6021
7636
5509
7636
5311
7638
7639
7640
5343
7641
5936
7642
5558
7642
6871
7642
5777
7644
7453
7645
7576
7646
6083
7648
7655
7658
7658
7660
5345
7661
7661
7664
7666
7666
5380
7668
7051
7669
7558
7670
7672
7673
7674
7674
5429
7675
7676
7677
5433
7677
5436
7677
7678
7683
6964
7685
7685
7685
5465
7687
5588
7687
5609
7688
7688
7688
5773
7689
7690
7694
7319
7696
7696
7697
6742
7701
5787
7702
7706
7707
7708
7708
7695
7710
6526
7710
6421
7710
7710
7711
6561
7712
7374
7714
7427
7717
7719
7721
7721
7721
7724
7724
7223
7724
7725
7725
7239
7725
7496
7726
7727
7728
7586
7729
7729
7730
7730
7734
7742
7742
7743
7744
7745
7745
7746
7748
7749
7749
7749
7752
7752
7753
7754
7755
7755
7759
7761
7761
7762
7763
7765
7767
7770
7775
5466
7776
5510
7776
5527
7780
7780
7782
6949
7782
7785
7785
7795
7795
7735
7795
5603
7796
7798
7798
5607
7800
7761
7801
5675
7804
5761
7807
6503
7810
7811
7812
7812
7812
5705
7813
5709
7814
7816
7816
6118
7818
6034
7822
7612
7825
6675
7825
6113
7826
7829
7830
5770
7830
6221
7830
5860
7832
6792
7832
7833
7834
7835
7836
6012
7837
5718
7837
7837
7841
7093
7841
5722
7841
5737
7842
7830
7843
7111
7846
7850
7852
7853
7853
5791
7856
5809
7856
6129
7857
6586
7858
7859
7861
7424
7862
5866
7863
5944
7866
5967
7866
5994
7867
7325
7868
6124
7870
6261
7871
7873
7874
7874
7877
7878
7879
7687
7879
6434
7881
6868
7883
6854
7883
7138
7885
7211
7886
7528
7887
7344
7890
7891
7891
7316
7892
7893
7894
7896
7896
7897
7897
6069
7899
6162
7901
6196
7906
7907
7908
7590
7908
7909
7911
7912
7913
7918
7919
7926
7928
7931
7934
7935
7938
6409
7941
6423
7942
6494
7942
6433
7944
6524
7946
7948
7950
6769
7950
7950
7952
7954
7954
7955
7956
6774
7956
7957
7957
7731
7958
7960
7961
6865
7961
6923
7961
6932
7962
7058
7962
7366
7964
7538
7967
7968
7969
7970
7973
7877
7974
7976
7978
7978
7979
7217
7983
7984
7985
7238
7985
7985
7986
7405
7988
7990
7991
7992
7993
7993
7994
7995
8000
8006
8007
8011
8012
8013
8015
8019
8019
6963
8021
8025
8027
8027
8028
7843
8029
8029
8031
7834
8031
8031
8033
8033
8033
6971
8034
6074
8035
8036
8037
5889
8037
8037
8038
6646
8040
5874
8041
8041
8042
8048
8048
7703
8048
5511
8049
8050
8051
5884
8051
6476
8052
7495
8053
8053
8057
8058
8060
8064
8064
8064
8065
8065
8066
7012
8068
7645
8069
5513
8069
5858
8071
6023
8071
6456
8071
8072
8072
6890
8072
7136
8073
8076
8076
8081
8083
8086
8086
8087
8087
8089
8089
6946
8090
7316
8090
7403
8093
7445
8093
8096
8100
8100
8100
8100
8102
7621
8103
8103
8105
8108
8108
8109
8110
8111
8112
8112
8112
8113
8113
8114
8117
8118
8118
8121
8121
8121
8121
6433
8124
7198
8126
8129
8129
8129
8130
7179
8134
7995
8137
8138
8138
8140
8141
7764
8142
6042
8143
6227
8144
6103
8145
6358
8146
7431
8149
7846
8154
8154
8154
7529
8155
8157
8158
8159
8159
8159
8160
8161
8168
7040
8169
5010
8171
6814
8173
8177
8177
4890
8179
7775
8179
4899
8179
4901
8181
8181
8181
5843
8182
7474
8182
8182
8182
8185
8187
7211
8196
7553
8198
8199
8200
5808
8201
4907
8201
6356
8202
8204
8206
6865
8208
4907
8211
8212
8215
5023
8217
6271
8219
8221
8222
5449
8224
4937
8228
8229
8230
5303
8232
5988
8232
8233
8234
8235
8235
7500
8237
8244
8248
7777
8248
8250
8260
5000
8264
8264
8265
7543
8265
8267
8268
4938
8271
5260
8271
4954
8277
8277
8278
5086
8278
5218
8278
8279
8281
7463
8283
8283
8284
7339
8288
5456
8289
6377
8290
6991
8290
8292
8292
7937
8293
8294
8296
8297
8298
8300
8301
8302
8303
4974
8308
8029
8309
5004
8311
5028
8312
5654
8315
7138
8316
6758
8317
8319
8321
5031
8321
8323
8325
5525
8327
6024
8329
8330
8331
5268
8332
5033
8332
6850
8333
7798
8333
8336
8336
5042
8338
8342
8343
5382
8343
8064
8344
5066
8345
5091
8346
8347
8348
5097
8350
5241
8353
7840
8354
7536
8360
8360
8360
5731
8363
8365
8368
7620
8372
8208
8372
8373
8373
6075
8374
8038
8375
6399
8376
8379
8380
7739
8382
5100
8383
5117
8384
8386
8387
6289
8387
5950
8388
6692
8390
8391
8393
7824
8393
8394
8394
5128
8399
5324
8399
5712
8400
5649
8401
7619
8401
7649
8404
8016
8405
5134
8405
6833
8408
7402
8410
6695
8410
7925
8410
5921
8415
8417
8418
7043
8419
6203
8420
6765
8420
8307
8420
8358
8422
8426
8427
8427
8431
8431
8431
8432
8433
5139
8435
5270
8437
7847
8438
6357
8438
5560
8439
7832
8440
8440
8441
6850
8441
5733
8445
6708
8445
7422
8446
8447
8447
6230
8449
5307
8450
8423
8451
5363
8452
7944
8452
6688
8452
7774
8453
5472
8454
8454
8456
5865
8457
8462
8462
5562
8463
7381
8464
6687
8465
8470
8470
8472
8474
8475
8476
8477
8481
5585
8481
8430
8481
6829
8482
6952
8482
8482
8483
7958
8484
6353
8484
8485
8488
6736
8490
8491
8492
7857
8494
8495
8496
5130
8497
5136
8498
8498
8499
8500
8500
8501
8502
5512
8503
5161
8507
5172
8508
6504
8509
5184
8511
6147
8511
8512
8512
8275
8512
8513
8514
5194
8515
5785
8516
8520
8521
5211
8521
8523
8524
7257
8525
8301
8526
8528
8528
5277
8530
7819
8530
7374
8530
8080
8530
7209
8530
5652
8532
5691
8534
6694
8536
7974
8537
8538
8539
8124
8539
6350
8540
8542
8543
8545
8546
8551
8551
8552
8553
5435
8554
8056
8554
7422
8558
8142
8558
8376
8559
8561
8561
8562
8562
8563
8564
6953
8566
8566
8567
5692
8570
7296
8572
8024
8575
6742
8575
5506
8576
5688
8576
6570
8579
6715
8579
8113
8582
7222
8582
8203
8582
7854
8583
8583
8585
7989
8588
8588
8589
8590
8590
7793
8590
8521
8592
8592
8593
8593
8593
8594
8595
6757
8596
8260
8597
6950
8599
7368
8599
5249
8599
7754
8599
8561
8605
5866
8606
5269
8610
8610
8612
8612
8612
8069
8613
8415
8614
5700
8617
8239
8621
8622
8625
8286
8627
8330
8628
6149
8628
5399
8628
6154
8629
7059
8630
8630
8631
8631
8632
8634
8640
5405
8642
5428
8643
5456
8644
7876
8645
7305
8646
7659
8647
8407
8650
8651
8651
5527
8651
8651
8655
8656
8658
6434
8660
8573
8662
6800
8663
8099
8663
8664
8665
5821
8665
8293
8666
8609
8667
6949
8668
5597
8670
5833
8670
7163
8671
5947
8674
6375
8674
8674
8676
8676
8678
6244
8679
7919
8682
8683
8686
6670
8687
8148
8687
8687
8689
7594
8691
8142
8693
7470
8694
7604
8694
8694
8696
8698
8699
8700
8702
8033
8702
6560
8702
7850
8704
6819
8706
6914
8706
8706
8708
7515
8710
8710
8710
7200
8712
7713
8713
6955
8714
5850
8715
8716
8718
6123
8718
7144
8719
8214
8719
8720
8724
6769
8726
5247
8729
8730
8731
8644
8732
5881
8734
5265
8734
8737
8739
5345
8740
5352
8742
5401
8743
8188
8744
5995
8745
5474
8747
7330
8747
5575
8747
8750
8750
5788
8751
6651
8751
7542
8752
6669
8754
7633
8754
7044
8755
8421
8757
8435
8760
8760
8764
7232
8766
8767
8767
6529
8768
7329
8769
8773
8774
5730
8775
8776
8777
8783
8785
5412
8786
6371
8788
6782
8790
8792
8792
6682
8794
5971
8796
8799
8800
6737
8800
5440
8801
5498
8801
5558
8802
7964
8804
6026
8805
7176
8806
8410
8807
5584
8809
6546
8810
8811
8811
6925
8813
5806
8813
5700
8814
5714
8816
5864
8818
5984
8818
6037
8820
8365
8821
8582
8823
8824
8824
7265
8828
7267
8828
8021
8829
8507
8830
8831
8832
8834
8835
6317
8836
6401
8836
6664
8836
8836
8840
8681
8841
8841
8841
8842
8842
6953
8845
8845
8847
7693
8847
6930
8849
5858
8849
6041
8850
8850
8851
7774
8851
8853
8853
7607
8853
8854
8858
8859
8859
6414
8860
7538
8860
6180
8861
8861
8862
5818
8865
7099
8866
6000
8871
8872
8877
8878
8878
7228
8879
8879
8879
8720
8879
8882
8882
8882
8884
6846
8884
8884
8885
8887
8889
5402
8889
8890
8891
7207
8891
6110
8892
8593
8892
5794
8893
6638
8893
8206
8896
5883
8897
6163
8899
6253
8899
8359
8899
8901
8902
8902
8907
8767
8909
6405
8911
7763
8911
5376
8912
8912
8913
5024
8916
5294
8917
7692
8917
6284
8919
7612
8919
7185
8922
5705
8923
7801
8923
7370
8925
8927
8929
8930
8930
7304
8932
6916
8932
6224
8936
5870
8937
7694
8940
8942
8943
7643
8946
6896
8947
5843
8948
6182
8949
4893
8950
8950
8950
6515
8951
8952
8952
6849
8953
8954
8954
8019
8955
5701
8955
5742
8958
4906
8959
5696
8962
4912
8964
5377
8967
5276
8967
4925
8969
6960
8969
4927
8969
6747
8969
4937
8970
5511
8971
7854
8974
8528
8975
6214
8976
8447
8977
4942
8978
5659
8982
8983
8983
8984
8984
8103
8988
8988
8989
8857
8990
4942
8991
8946
8993
4947
8994
4999
8995
4953
8995
4958
8995
8359
8997
8998
8999
7611
9000
8132
9001
4964
9002
5002
9002
5003
9004
7924
9008
5018
9009
7665
9010
9011
9012
7852
9012
9012
9012
5317
9014
5393
9015
8799
9016
7438
9017
9018
9018
5650
9018
7099
9019
7292
9022
9025
9028
7584
9030
8531
9031
6662
9031
9036
9037
9038
9040
7632
9040
8278
9042
7662
9042
8297
9044
9045
9046
8719
9047
8102
9047
9049
9049
7974
9049
8460
9051
8606
9051
9053
9053
7580
9053
5214
9055
8447
9055
7345
9056
7365
9058
6181
9058
8916
9059
9063
9063
9066
9067
6387
9068
8263
9069
5003
9069
5610
9069
6188
9069
5005
9070
8360
9072
8498
9073
6553
9074
5157
9074
5432
9075
5746
9075
6437
9076
7763
9076
9078
9078
8673
9079
5033
9081
5273
9083
6156
9085
5132
9086
6319
9087
7178
9087
5874
9089
6058
9089
6737
9089
8045
9089
8136
9090
7060
9090
7112
9092
7611
9093
8979
9093
7784
9094
8696
9095
6192
9096
8237
9096
8895
9096
6887
9096
5760
9097
5916
9098
5036
9098
7893
9098
7124
9099
6617
9099
5243
9099
9100
9102
7198
9105
9108
9109
5414
9109
8202
9111
5563
9117
6142
9118
6496
9118
6655
9120
8605
9120
9122
9124
9049
9124
9129
9129
7715
9132
5194
9132
9134
9135
8681
9135
7800
9135
5008
9135
7119
9136
7867
9137
5022
9138
9138
9139
8577
9139
5024
9141
7500
9142
6985
9144
5034
9145
5282
9148
5517
9149
9152
9152
6794
9153
9155
9157
6931
9158
5913
9160
9162
9163
9155
9163
7718
9164
6044
9166
7829
9170
5034
9171
5524
9172
5035
9173
7202
9175
5101
9176
6541
9176
8369
9178
7269
9179
7361
9183
7504
9184
5045
9184
5061
9186
6109
9188
9188
9193
7259
9195
7007
9195
5429
9195
5110
9195
9105
9196
5093
9198
5096
9199
5102
9200
5336
9200
6515
9201
9207
9207
6337
9208
9162
9209
6939
9210
5103
9211
5107
9211
5107
9214
7958
9216
5111
9218
5112
9218
5113
9220
5118
9223
5121
9223
5255
9224
9224
9224
9225
9225
9232
9233
8496
9235
6469
9237
5655
9238
5735
9242
7263
9242
6885
9242
5123
9243
5131
9244
8482
9245
8995
9245
9246
9249
9030
9249
9122
9249
8349
9250
5133
9251
5327
9252
5737
9253
6122
9253
5142
9253
5157
9254
5205
9255
7269
9255
8940
9259
5160
9259
5173
9259
5924
9259
7336
9259
5176
9260
5554
9261
9264
9264
6248
9264
8441
9265
5190
9265
5205
9266
5266
9267
5277
9268
7050
9270
9271
9272
6987
9274
9274
9276
9276
9277
8864
9279
5873
9279
5435
9281
7423
9281
6414
9281
7255
9281
8197
9282
7364
9282
8257
9284
7885
9285
8430
9285
6737
9287
5452
9290
6723
9291
5644
9295
7265
9296
6018
9302
9291
9302
7201
9303
8215
9304
7436
9305
6139
9305
6323
9305
6612
9306
8062
9306
8629
9307
8080
9307
8824
9309
7249
9310
7582
9312
8912
9314
8054
9317
5687
9318
7047
9320
6082
9321
5733
9321
5741
9324
8766
9327
7076
9328
6060
9328
9328
9328
7918
9331
5756
9334
6189
9334
5906
9336
5984
9337
7291
9337
6098
9338
6988
9338
8902
9338
6377
9341
6392
9343
6474
9345
6777
9349
7495
9349
6904
9351
6971
9352
7212
9354
7689
9354
7903
9354
8035
9355
7258
9356
9356
9359
7531
9360
7490
9360
8790
9360
8210
9360
8085
9362
8459
9363
8746
9363
9260
9365
8312
9366
8168
9367
6638
9367
7087
9372
7234
9373
8254
9374
7240
9375
8534
9380
7597
9382
8575
9385
8576
9386
9350
9389
8258
9390
6466
9390
6883
9391
7508
9392
7272
9393
6705
9393
7810
9394
8316
9394
8781
9394
9395
9395
6884
9396
7267
9400
9403
9407
8824
9408
7133
9409
8327
9409
7752
9411
7133
9412
8654
9412
9413
9416
9272
9416
8134
9416
8026
9417
7539
9417
9419
9422
7558
9422
7562
9423
5717
9423
7199
9425
5882
9426
7284
9427
6666
9428
8720
9428
6725
9428
5176
9429
9432
9432
7121
9434
9032
9434
5235
9437
5414
9438
6192
9439
5482
9440
5559
9442
6583
9442
5797
9445
8095
9446
5591
9446
8190
9446
8853
9447
5722
9447
5810
9450
6116
9451
6297
9451
6280
9452
9453
9454
5691
9456
5734
9458
9450
9458
8540
9459
6156
9460
6191
9460
6446
9460
9461
9464
6908
9465
6818
9467
9468
9469
8690
9469
8390
9471
9471
9473
6196
9477
7981
9477
6769
9477
7674
9477
6896
9479
8009
9480
7352
9480
8911
9480
7614
9481
9482
9483
7894
9483
9104
9484
8370
9486
8906
9487
9417
9488
9490
9490
7565
9493
8319
9495
7245
9497
5282
9498
7499
9499
7338
9500
9500
9501
8941
9507
5192
9508
5201
9510
5841
9511
8671
9513
7056
9514
7897
9514
7777
9514
5224
9517
8654
9518
5749
9519
8516
9519
9521
9522
5227
9523
5661
9524
5789
9524
9512
9525
6460
9526
6942
9528
7094
9531
8733
9532
8364
9532
7285
9534
9073
9534
8915
9535
7243
9535
9535
9537
7577
9538
5233
9538
8719
9538
9032
9539
8435
9539
5253
9540
8951
9543
5286
9544
5768
9544
6944
9545
9546
9547
8483
9547
7000
9550
7986
9550
9413
9551
8418
9552
5275
9552
5416
9555
9555
9556
6463
9556
7757
9558
9404
9558
6639
9559
8759
9560
9560
9561
7591
9562
9417
9564
5417
9565
5892
9565
5581
9566
9525
9567
6721
9567
9567
9568
7799
9570
6580
9571
5446
9572
9573
9574
5910
9575
8563
9576
9576
9576
9577
9580
7308
9580
6244
9584
8563
9585
6113
9585
7320
9586
5418
9588
6728
9589
5452
9589
5483
9592
6541
9592
7796
9593
7247
9595
5606
9596
8411
9596
8196
9596
6662
9597
5671
9598
6463
9598
6120
9598
8952
9599
7443
9602
8343
9603
6734
9603
6313
9603
7025
9604
7403
9605
7943
9605
7467
9606
9089
9606
8751
9607
5778
9607
6466
9607
9391
9608
6526
9608
6396
9609
6504
9609
6722
9611
8625
9612
9613
9616
6145
9616
6283
9617
8717
9618
9449
9620
7705
9622
6479
9625
6664
9629
7323
9629
9156
9630
8781
9630
6657
9631
7607
9631
8110
9633
8113
9633
6886
9635
7719
9636
9043
9639
7214
9639
6143
9642
7787
9642
6411
9642
7544
9643
7585
9643
6503
9646
7975
9647
8289
9647
6746
9649
7303
9649
9291
9651
5981
9653
9489
9653
6209
9655
7295
9656
7697
9657
8185
9657
5501
9657
6986
9658
7387
9658
8459
9660
6613
9660
9660
9660
9661
9663
5516
9664
6057
9667
9400
9669
5746
9669
6101
9669
6763
9669
6999
9669
9515
9670
9672
9673
6770
9673
7248
9674
9647
9674
5916
9677
5633
9677
7071
9677
9273
9678
7382
9678
8296
9679
7411
9680
8707
9681
9321
9683
5676
9684
7301
9687
5893
9688
9165
9691
5935
9692
7789
9692
7942
9695
8949
9697
8730
9697
7835
9700
7569
9700
6287
9700
9246
9701
8262
9701
6031
9705
8569
9706
6925
9709
7217
9712
8081
9712
5418
9713
5430
9715
5446
9715
9146
9717
5678
9718
5993
9718
7735
9719
6209
9719
7393
9724
7734
9724
6350
9725
7103
9726
7922
9727
8471
9728
8128
9729
7154
9729
7601
9730
6556
9731
8968
9735
6793
9735
6999
9735
7290
9736
7487
9737
8676
9737
8911
9737
5532
9739
5583
9742
6602
9743
8152
9743
9614
9744
8850
9744
9532
9745
6949
9746
9455
9746
8348
9749
5802
9751
7639
9751
5809
9751
8030
9751
6206
9751
5845
9752
5878
9753
7133
9757
9336
9758
7715
9762
8305
9762
9762
9764
9765
9766
6076
9767
7013
9767
6725
9768
7925
9768
6410
9769
8285
9770
7387
9771
8333
9772
7075
9772
6158
9775
6239
9775
8565
9777
8000
9779
9712
9780
6249
9781
6661
9782
7189
9783
8023
9784
8119
9784
7303
9785
9446
9786
8701
9787
6746
9789
6535
9790
6546
9790
6665
9792
7593
9792
9259
9792
7691
9794
8100
9795
9645
9795
5294
9796
6737
9796
7837
9798
8860
9799
5381
9800
5325
9800
5608
9801
8154
9802
5648
9802
9687
9803
6352
9803
9024
9805
9052
9806
8166
9807
7194
9808
6455
9808
6594
9809
8663
9810
8232
9810
8100
9810
7813
9811
6482
9813
5353
9813
9400
9814
7969
9815
5346
9816
5571
9817
5971
9817
7763
9819
9249
9820
7078
9820
7080
9821
8095
9822
8681
9823
9626
9826
7064
9831
8598
9833
7708
9834
9834
9837
9799
9837
7387
9839
9219
9842
8814
9844
7359
9845
7695
9846
5538
9847
5833
9847
6295
9848
6977
9853
7857
9855
8301
9856
7009
9857
7758
9860
9404
9861
8745
9861
9382
9862
9812
9862
5251
9863
7639
9865
5589
9865
8433
9865
6228
9865
6664
9868
7554
9868
7578
9869
7868
9873
6507
9875
6762
9876
8885
9878
5267
9879
5289
9880
9082
9881
8600
9884
6527
9887
7247
9891
6723
9891
8405
9892
6674
9893
8248
9894
9144
9896
9088
9896
8991
9899
5269
9900
8178
9900
6438
9901
9012
9901
6679
9901
6743
9903
6984
9905
9424
9907
5333
9908
5338
9910
5820
9911
8690
9911
5374
9911
5573
9911
5376
9911
7525
9912
5394
9912
8520
9913
7995
9916
5499
9917
8594
9919
9546
9919
9193
9920
7155
9921
5837
9921
6197
9922
9287
9923
8799
9923
9241
9924
9706
9925
6526
9927
6714
9928
8778
9930
8978
9930
8200
9931
8900
9931
7158
9932
8477
9934
8631
9935
7518
9936
8513
9936
7863
9937
6968
9937
6410
9937
6732
9940
7838
9941
8131
9941
9247
9942
7086
9944
7831
9945
6520
9946
5513
9946
7741
9947
9882
9947
9947
9948
6478
9949
8545
9950
8807
9950
5899
9951
9686
9951
7013
9952
8387
9954
5600
9955
5624
9955
5832
9956
6753
9958
7964
9960
5883
9961
7975
9961
9373
9963
9549
9966
5427
9968
7751
9969
9828
9970
7307
9970
8520
9970
7546
9971
9972
9973
8454
9973
9079
9974
9641
9975
5352
9977
5816
9979
9457
9980
5457
9980
5529
9983
7133
9984
7522
9984
8145
9985
8560
9986
8273
9986
8375
9987
8427
9987
9292
9988
6864
9989
6498
9989
6194
9990
9152
9991
6748
9991
9638
9991
8777
9991
8226
9992
4179
9993
6934
9994
4413
9994
7295
9994
7893
9995
6588
9995
7696
9995
