0
0
0
0
2
3
4
4
5
6
7
8
10
10
10
11
11
12
12
13
14
15
16
18
19
20
21
23
23
23
27
29
30
33
33
35
36
37
38
38
39
39
40
41
42
43
44
45
45
46
46
47
47
48
49
49
49
52
52
57
58
58
61
63
63
63
64
65
65
66
67
67
67
68
68
69
69
69
69
70
70
70
71
74
75
76
76
79
80
80
83
84
85
86
86
87
87
88
90
91
91
92
93
95
95
96
99
99
100
100
102
102
105
106
106
110
111
112
113
113
115
116
119
119
120
120
121
123
125
126
127
127
127
128
129
129
129
130
133
134
136
137
137
137
140
141
141
142
143
145
146
146
148
148
149
149
149
149
149
155
155
156
157
158
158
159
161
161
162
162
163
166
172
172
172
173
174
174
176
177
178
179
181
182
182
183
184
184
185
185
185
187
190
190
192
193
195
197
197
198
199
200
202
203
203
203
204
206
207
207
208
208
209
211
211
212
212
214
214
214
215
216
217
219
220
220
221
223
223
224
225
226
226
230
230
230
235
236
237
237
239
239
240
240
240
241
241
243
244
245
246
247
247
248
248
249
249
250
251
252
253
253
256
258
259
261
261
262
262
264
268
269
269
270
271
271
271
272
272
273
273
273
274
274
274
278
280
281
281
281
284
284
285
287
289
289
290
292
293
293
294
294
295
296
296
296
299
300
300
301
301
302
304
304
305
306
306
308
309
309
312
313
314
314
316
318
318
318
320
320
320
321
322
322
327
327
327
328
328
329
329
329
333
336
337
340
340
342
344
345
346
347
347
349
349
350
350
350
351
352
352
353
355
356
357
358
359
363
365
365
366
370
371
373
374
375
377
378
381
381
382
383
386
388
388
388
388
389
390
391
394
397
399
400
400
401
401
403
404
406
406
407
407
407
408
409
409
410
410
410
410
410
411
411
411
412
413
413
414
414
418
419
421
422
423
424
426
426
427
427
428
428
431
431
432
434
435
436
436
436
436
437
437
438
438
438
439
442
444
444
445
445
445
446
447
449
451
451
452
452
455
455
456
458
458
458
460
461
462
462
465
465
468
469
469
470
471
471
473
474
475
475
475
478
481
483
483
485
485
487
487
487
487
491
492
493
493
494
495
496
497
499
499
499
502
502
505
509
510
510
512
515
515
516
519
520
521
521
521
523
523
524
524
526
526
530
531
532
532
533
533
533
534
534
537
539
539
540
544
544
544
545
546
546
546
548
551
551
552
553
554
555
555
557
558
560
562
565
566
567
568
570
571
573
573
573
574
579
580
581
581
582
583
583
584
584
585
588
588
588
590
591
592
594
595
597
598
598
598
599
600
604
605
605
605
611
611
612
612
618
618
619
619
620
621
622
623
624
630
630
631
631
632
633
636
637
640
640
644
645
645
645
647
647
649
649
651
651
652
652
653
654
655
655
656
656
657
658
661
662
663
664
665
666
666
667
667
668
669
672
672
674
674
675
675
675
675
676
676
676
678
679
679
680
680
681
687
688
688
690
691
691
692
694
696
696
697
697
699
699
702
703
703
707
709
709
709
710
711
712
713
713
714
714
715
716
717
718
718
719
719
719
720
721
724
724
725
726
727
727
727
727
728
731
732
733
734
735
735
735
735
735
739
740
741
744
746
747
748
751
751
751
752
755
756
758
759
759
759
759
761
762
763
764
764
765
765
766
767
769
771
772
773
773
774
774
775
777
777
779
780
782
782
782
783
785
785
786
787
788
788
789
791
791
793
795
797
801
801
802
804
804
806
806
808
809
810
810
810
810
810
811
812
814
815
816
817
820
822
823
823
824
826
826
827
829
829
830
830
831
832
833
834
835
835
836
838
839
840
840
842
843
844
844
844
845
846
846
848
849
852
856
863
869
870
870
870
872
873
874
874
874
875
877
877
878
879
879
880
883
885
886
887
888
888
888
888
889
889
890
893
894
895
895
896
897
899
899
901
901
905
905
905
906
908
909
909
909
910
911
911
912
913
915
917
919
919
922
922
922
924
924
924
925
926
928
929
930
931
932
933
934
936
937
937
941
941
942
942
944
944
944
947
948
949
953
953
956
956
956
957
957
959
960
961
963
965
965
966
966
967
967
968
969
969
970
971
972
973
974
975
977
978
978
980
980
981
981
981
983
985
985
986
986
986
987
989
989
997
998
999
1000
1002
1003
1003
1006
1007
1007
1008
1009
1010
1010
1011
1012
1012
1013
1013
1014
1015
1015
1016
1017
1017
1019
1020
1021
1021
1021
1021
1022
1022
1025
1026
1027
1027
1028
1028
1030
1030
1030
1031
1032
1033
1033
1033
1034
1034
1036
1037
1039
1040
1041
1041
1041
1042
1042
1044
1044
1045
1045
1048
1051
1051
1052
1053
1053
1053
1054
1055
1056
1056
1059
1059
1062
1062
1064
1064
1067
1068
1068
1072
1074
1075
1075
1077
1077
1078
1083
1083
1083
1084
1086
1087
1088
1088
1089
1091
1091
1092
1093
1096
1098
1099
1099
1101
1101
1102
1102
1103
1103
1104
1105
1107
1108
1111
1111
1114
1114
1115
1115
1116
1117
1118
1120
1122
1122
1123
1126
1128
1129
1130
1130
1131
1132
1134
1135
1135
1136
1137
1137
1137
1138
1138
1139
1140
1140
1142
1142
1142
1142
1142
1142
1143
1143
1144
1146
1146
1146
1147
1147
1148
1148
1148
1149
1150
1152
1154
1154
1155
1156
1157
1157
1160
1160
1160
1161
1163
1165
1166
1166
1167
1168
1169
1170
1172
1172
1172
1173
1173
1175
1178
1179
1179
1180
1181
1181
1181
1188
1189
1189
1190
1192
1193
1194
1194
1194
1196
1198
1198
1200
1201
1202
1202
1202
1202
1203
1205
1205
1206
1209
1209
1210
1211
1211
1212
1215
1215
1216
1218
1220
1221
1222
1222
1222
1223
1225
1225
1225
1227
1227
1229
1232
1232
1232
1235
1235
1238
1238
1240
1240
1241
1241
1241
1242
1244
1246
1247
1247
1247
1247
1247
1248
1249
1250
1253
1254
1258
1261
1261
1262
1266
1267
1270
1270
1271
1271
1272
1273
1273
1274
1274
1274
1275
1275
1276
1277
1277
1278
1278
1278
1278
1279
1280
1281
1281
1283
1283
1285
1288
1289
1290
1292
1292
1293
1293
1294
1295
1296
1296
1297
1298
1298
1301
1302
1302
1302
1302
1303
1303
1305
1306
1307
1307
1308
1308
1308
1309
1312
1314
1314
1315
1325
1327
1328
1329
1331
1332
1334
1336
1337
1337
1341
1341
1342
1344
1344
1345
1345
1347
1348
1348
1348
1349
1349
1349
1349
1350
1350
1352
1353
1353
1354
1355
1355
1355
1355
1356
1356
1357
1358
1360
1361
1361
1362
1363
1366
1366
1367
1367
1367
1367
1368
1368
1369
1369
1370
1370
1371
1377
1377
1377
1378
1380
1382
1382
1382
1382
1385
1385
1387
1387
1388
1388
1389
1389
1390
1390
1392
1392
1392
1393
1394
1394
1396
1397
1398
1399
1399
1400
1401
1403
1404
1406
1406
1407
1407
1409
1410
1411
1413
1414
1416
1417
1417
1418
1418
1420
1420
1420
1421
1421
1425
1425
1426
1426
1426
1426
1427
1427
1429
1430
1432
1432
1433
1433
1433
1435
1436
1437
1438
1438
1438
1441
1441
1443
1443
1444
1445
1446
1448
1448
1448
1449
1450
1450
1451
1453
1454
1454
1457
1457
1457
1458
1459
1461
1462
1463
1463
1463
1465
1466
1468
1472
1474
1474
1475
1475
1480
1481
1481
1482
1484
1484
1484
1485
1485
1485
1485
1488
1489
1489
1489
1490
1494
1494
1496
1496
1497
1498
1498
1498
1498
1499
1500
1501
1503
1507
1510
1510
1510
1510
1512
1512
1513
1513
1513
1514
1514
1514
1517
1517
1518
1519
1520
1520
1521
1521
1522
1524
1525
1529
1529
1531
1531
1532
1532
1532
1532
1533
1533
1533
1537
1538
1538
1538
1539
1539
1540
1540
1541
1541
1542
1543
1545
1545
1545
1547
1547
1553
1554
1556
1560
1561
1562
1564
1565
1566
1566
1567
1568
1569
1569
1569
1572
1573
1574
1576
1577
1578
1578
1580
1583
1584
1584
1585
1588
1592
1592
1593
1597
1600
1603
1603
1604
1605
1605
1606
1606
1608
1608
1608
1609
1609
1609
1610
1611
1615
1616
1616
1619
1621
1622
1622
1623
1624
1625
1625
1625
1625
1626
1626
1632
1632
1632
1632
1633
1634
1635
1635
1635
1636
1637
1637
1638
1639
1640
1640
1644
1645
1645
1646
1646
1647
1649
1651
1651
1653
1654
1656
1656
1656
1658
1658
1659
1659
1661
1661
1663
1663
1664
1664
1666
1667
1668
1670
1670
1673
1673
1673
1674
1674
1675
1677
1679
1679
1680
1681
1681
1682
1685
1685
1686
1688
1689
1689
1690
1692
1695
1697
1698
1699
1702
1703
1703
1704
1705
1705
1706
1706
1707
1708
1709
1709
1714
1714
1714
1715
1718
1719
1719
1721
1721
1724
1725
1728
1729
1729
1729
1732
1733
1733
1733
1733
1734
1735
1739
1742
1742
1743
1744
1744
1745
1746
1747
1748
1748
1750
1751
1753
1754
1754
1755
1764
1765
1766
1766
1768
1769
1769
1769
1772
1772
1774
1775
1776
1779
1780
1781
1781
1782
1783
1784
1784
1784
1785
1788
1790
1791
1799
1799
1799
1799
1800
1800
1801
1803
1804
1804
1804
1804
1804
1806
1807
1809
1810
1811
1813
1814
1814
1815
1817
1821
1822
1822
1823
1823
1824
1826
1826
1827
1827
1827
1827
1828
1828
1829
1829
1830
1830
1832
1833
1834
1837
1837
1838
1838
1839
1844
1845
1845
1849
1849
1851
1852
1854
1856
1857
1857
1858
1860
1860
1864
1864
1864
1866
1866
1866
1867
1868
1868
1868
1868
1870
1870
1874
1875
1875
1876
1877
1877
1877
1877
1878
1878
1879
1879
1880
1882
1883
1883
1883
1884
1884
1887
1888
1889
1890
1890
1892
1892
1893
1893
1894
1894
1896
1896
1898
1898
1898
1901
1902
1902
1903
1903
1905
1907
1907
1909
1910
1910
1910
1911
1911
1913
1915
1915
1915
1916
1917
1918
1919
1921
1921
1922
1923
1925
1925
1925
1925
1926
1926
1927
1927
1928
1928
1928
1930
1930
1930
1932
1932
1932
1932
1933
1933
1935
1935
1936
1936
1939
1941
1942
1942
1943
1943
1943
1946
1946
1947
1948
1948
1948
1948
1949
1949
1954
1954
1954
1956
1957
1957
1958
1960
1962
1963
1964
1965
1966
1966
1966
1967
1968
1969
1970
1972
1973
1973
1977
1977
1977
1978
1979
1980
1980
1980
1981
1982
1982
1986
1987
1988
1988
1988
1989
1989
1991
1993
1994
1996
1999
1999
2000
2001
2002
2004
2004
2005
2007
2009
2010
2010
2010
2011
2012
2012
2012
2013
2014
2018
2019
2020
2021
2022
2023
2025
2025
2025
2026
2026
2027
2027
2027
2027
2027
2030
2031
2032
2032
2033
2035
2035
2036
2036
2036
2038
2039
2040
2042
2043
2048
2048
2052
2052
2053
2053
2053
2054
2054
2056
2058
2058
2059
2060
2063
2064
2065
2068
2068
2069
2070
2071
2072
2073
2073
2074
2075
2075
2075
2076
2076
2077
2077
2078
2078
2078
2079
2080
2081
2083
2083
2083
2084
2084
2084
2085
2087
2088
2088
2090
2092
2092
2093
2093
2094
2096
2100
2100
2100
2100
2101
2102
2102
2104
2110
2112
2112
2113
2114
2114
2116
2116
2116
2118
2119
2121
2123
2128
2129
2133
2134
2134
2134
2135
2135
2136
2136
2138
2139
2141
2144
2145
2146
2146
2146
2148
2148
2149
2151
2151
2152
2152
2152
2153
2153
2154
2154
2155
2156
2157
2158
2158
2159
2159
2160
2160
2160
2162
2162
2164
2165
2165
2167
2168
2169
2169
2169
2172
2173
2174
2176
2177
2178
2178
2180
2180
2181
2181
2181
2182
2183
2183
2184
2188
2189
2193
2195
2197
2199
2200
2203
2203
2204
2205
2206
2206
2211
2213
2213
2213
2214
2215
2215
2216
2217
2218
2218
2218
2219
2220
2221
2221
2223
2225
2226
2226
2227
2229
2229
2229
2230
2231
2241
2242
2243
2243
2243
2244
2246
2246
2247
2247
2248
2251
2253
2253
2254
2255
2257
2257
2259
2259
2260
2260
2261
2261
2262
2262
2262
2263
2264
2265
2266
2266
2267
2268
2268
2269
2270
2270
2272
2273
2274
2274
2279
2279
2281
2282
2282
2282
2283
2283
2283
2283
2283
2283
2286
2286
2289
2290
2290
2291
2291
2292
2292
2292
2293
2293
2295
2297
2297
2300
2300
2301
2301
2302
2302
2303
2307
2308
2309
2310
2311
2311
2314
2315
2315
2315
2315
2316
2317
2317
2318
2320
2324
2325
2326
2326
2327
2329
2329
2330
2331
2332
2333
2333
2334
2336
2336
2339
2341
2341
2343
2344
2346
2346
2346
2348
2348
2348
2348
2349
2350
2352
2352
2353
2353
2354
2354
2356
2357
2358
2360
2360
2362
2362
2362
2363
2364
2364
2365
2365
2370
2371
2371
2374
2374
2374
2376
2376
2376
2378
2378
2378
2379
2385
2386
2388
2388
2389
2390
2392
2393
2393
2394
2397
2398
2399
2399
2401
2401
2402
2402
2402
2403
2405
2407
2407
2407
2408
2408
2409
2410
2410
2410
2411
2415
2418
2418
2419
2419
2419
2420
2420
2420
2422
2422
2423
2424
2425
2430
2430
2430
2431
2432
2435
2435
2437
2437
2437
2439
2439
2441
2442
2443
2444
2444
2446
2447
2448
2448
2448
2449
2451
2452
2452
2453
2454
2458
2459
2460
2462
2462
2465
2465
2465
2468
2469
2469
2469
2469
2469
2469
2471
2474
2476
2478
2478
2481
2481
2483
2484
2488
2489
2489
2489
2493
2493
2494
2494
2495
2496
2497
2497
2499
2499
2503
2503
2504
2506
2506
2506
2506
2508
2508
2510
2511
2512
2512
2513
2513
2514
2514
2516
2517
2521
2521
2522
2523
2524
2524
2525
2526
2530
2530
2530
2530
2531
2532
2533
2533
2533
2533
2534
2535
2536
2537
2538
2540
2541
2541
2543
2544
2544
2548
2548
2549
2549
2550
2550
2551
2551
2551
2553
2553
2553
2555
2556
2557
2558
2558
2559
2559
2560
2562
2563
2563
2564
2564
2568
2569
2570
2573
2573
2573
2574
2575
2575
2576
2577
2577
2578
2578
2578
2579
2579
2580
2580
2580
2581
2581
2582
2583
2583
2584
2586
2590
2595
2596
2596
2597
2598
2598
2599
2600
2601
2605
2607
2609
2610
2612
2612
2613
2613
2613
2614
2615
2620
2620
2620
2620
2621
2622
2622
2623
2623
2624
2624
2624
2624
2624
2625
2625
2626
2626
2627
2628
2629
2629
2631
2634
2634
2635
2636
2636
2636
2637
2641
2641
2641
2643
2644
2645
2647
2647
2648
2648
2648
2650
2651
2652
2654
2654
2655
2656
2657
2658
2659
2659
2662
2662
2662
2665
2665
2667
2668
2669
2669
2670
2671
2672
2673
2673
2673
2673
2675
2678
2678
2680
2680
2681
2682
2684
2686
2687
2687
2689
2689
2690
2691
2692
2692
2692
2692
2693
2693
2694
2694
2695
2698
2699
2700
2701
2701
2701
2701
2702
2703
2705
2706
2707
2707
2708
2708
2710
2710
2712
2713
2713
2715
2715
2715
2716
2717
2718
2718
2718
2719
2720
2720
2720
2721
2721
2723
2726
2726
2727
2727
2729
2731
2732
2732
2735
2736
2737
2738
2740
2740
2742
2742
2742
2742
2743
2744
2744
2745
2745
2747
2748
2749
2749
2750
2751
2751
2752
2754
2755
2757
2758
2758
2759
2760
2761
2761
2761
2763
2764
2765
2767
2768
2771
2773
2775
2778
2779
2780
2780
2784
2787
2788
2788
2789
2795
2796
2797
2797
2798
2800
2801
2801
2802
2802
2803
2805
2805
2806
2806
2807
2808
2808
2808
2809
2810
2811
2811
2812
2813
2814
2815
2816
2816
2816
2816
2818
2821
2822
2822
2825
2826
2827
2829
2830
2830
2831
2832
2833
2833
2834
2836
2839
2841
2841
2844
2846
2847
2848
2850
2856
2856
2857
2858
2859
2859
2861
2861
2862
2864
2864
2864
2867
2868
2871
2872
2872
2873
2874
2874
2876
2876
2876
2877
2878
2878
2879
2885
2885
2885
2887
2887
2892
2892
2893
2893
2893
2894
2898
2898
2898
2901
2902
2902
2904
2905
2905
2906
2906
2906
2909
2910
2913
2915
2916
2916
2920
2920
2921
2921
2922
2922
2923
2923
2923
2924
2926
2928
2929
2929
2930
2932
2934
2935
2935
2935
2937
2937
2939
2939
2940
2944
2944
2945
2947
2947
2950
2950
2951
2952
2952
2953
2953
2953
2955
2956
2956
2957
2957
2958
2959
2961
2961
2964
2965
2965
2967
2969
2970
2972
2978
2980
2980
2981
2981
2982
2982
2982
2983
2983
2983
2984
2986
2987
2988
2988
2990
2991
2993
2994
2994
2995
2996
2996
2997
2998
2998
2999
3000
3000
3002
3003
3003
3003
3003
3005
3010
3011
3012
3013
3015
3016
3017
3018
3019
3019
3020
3020
3021
3022
3022
3023
3024
3025
3026
3026
3027
3028
3028
3028
3029
3029
3029
3029
3032
3032
3034
3035
3035
3035
3036
3037
3039
3041
3042
3043
3044
3045
3046
3047
3048
3049
3052
3053
3054
3057
3058
3058
3061
3062
3063
3063
3065
3065
3065
3066
3067
3067
3067
3068
3070
3070
3072
3072
3073
3073
3073
3074
3077
3080
3081
3083
3084
3084
3086
3086
3088
3089
3089
3089
3089
3091
3091
3093
3096
3096
3096
3097
3099
3102
3103
3103
3104
3104
3104
3105
3106
3107
3108
3110
3110
3111
3111
3112
3113
3114
3116
3118
3119
3119
3120
3121
3122
3123
3125
3126
3127
3128
3129
3129
3130
3132
3136
3137
3137
3139
3140
3141
3143
3144
3144
3148
3149
3150
3151
3151
3151
3152
3152
3154
3154
3156
3156
3156
3157
3159
3161
3162
3163
3163
3163
3165
3165
3167
3168
3168
3168
3170
3173
3173
3173
3174
3178
3179
3180
3181
3181
3183
3185
3186
3186
3187
3187
3189
3191
3192
3194
3195
3195
3195
3197
3197
3199
3199
3199
3200
3202
3202
3203
3203
3204
3205
3209
3209
3210
3210
3211
3212
3212
3213
3214
3215
3215
3215
3215
3216
3219
3220
3221
3221
3224
3224
3225
3226
3226
3227
3227
3227
3228
3230
3231
3231
3232
3232
3232
3234
3234
3235
3240
3241
3241
3242
3243
3243
3243
3244
3245
3246
3247
3248
3248
3249
3251
3252
3252
3253
3254
3255
3258
3259
3259
3260
3263
3263
3263
3264
3266
3267
3268
3271
3271
3271
3271
3272
3272
3274
3279
3280
3281
3281
3282
3286
3288
3289
3289
3290
3290
3291
3291
3291
3292
3293
3293
3295
3296
3296
3298
3298
3298
3298
3300
3300
3300
3301
3301
3301
3302
3302
3302
3302
3304
3306
3306
3306
3309
3310
3310
3312
3313
3314
3314
3314
3315
3315
3316
3317
3317
3321
3321
3322
3322
3322
3324
3325
3330
3331
3332
3333
3334
3334
3335
3336
3336
3338
3338
3339
3340
3342
3342
3343
3343
3345
3345
3347
3348
3348
3349
3351
3352
3352
3352
3355
3356
3357
3357
3357
3358
3359
3361
3362
3364
3365
3365
3365
3366
3367
3367
3369
3369
3370
3371
3372
3374
3374
3374
3375
3379
3382
3384
3384
3385
3386
3389
3389
3390
3390
3391
3393
3396
3396
3397
3397
3399
3400
3402
3403
3404
3406
3407
3408
3408
3409
3413
3413
3416
3416
3418
3418
3418
3419
3421
3422
3422
3424
3425
3426
3426
3428
3430
3431
3431
3432
3435
3436
3436
3436
3436
3438
3439
3439
3440
3440
3441
3441
3443
3445
3446
3446
3446
3447
3448
3448
3449
3450
3450
3450
3451
3451
3451
3452
3452
3452
3452
3453
3454
3454
3454
3454
3456
3456
3457
3457
3457
3458
3458
3459
3460
3461
3461
3463
3463
3463
3464
3465
3467
3468
3468
3470
3471
3474
3474
3475
3475
3475
3475
3476
3477
3479
3480
3480
3482
3482
3484
3486
3487
3490
3490
3492
3492
3495
3496
3496
3499
3502
3503
3503
3504
3504
3508
3508
3509
3510
3511
3513
3514
3514
3515
3516
3516
3516
3518
3520
3521
3521
3523
3524
3524
3525
3526
3526
3527
3527
3529
3529
3530
3530
3531
3532
3533
3533
3535
3535
3536
3536
3536
3538
3538
3538
3538
3539
3540
3540
3540
3540
3541
3542
3544
3546
3546
3547
3547
3547
3550
3550
3551
3551
3553
3553
3554
3555
3556
3556
3556
3558
3558
3560
3560
3560
3561
3561
3562
3563
3563
3563
3564
3565
3566
3566
3569
3573
3576
3576
3577
3577
3581
3582
3585
3586
3587
3589
3590
3590
3590
3591
3592
3593
3594
3595
3597
3598
3599
3600
3600
3601
3601
3603
3607
3607
3609
3610
3610
3610
3611
3612
3613
3614
3616
3617
3619
3620
3621
3621
3623
3623
3624
3625
3626
3627
3627
3627
3629
3629
3631
3631
3632
3635
3636
3638
3639
3641
3644
3645
3647
3647
3648
3649
3649
3651
3652
3652
3653
3655
3657
3658
3659
3660
3662
3662
3662
3663
3663
3663
3664
3666
3667
3667
3667
3668
3668
3668
3669
3671
3672
3673
3673
3674
3678
3681
3682
3683
3684
3684
3685
3685
3689
3690
3691
3692
3692
3693
3693
3694
3695
3697
3698
3698
3698
3700
3700
3700
3700
3701
3701
3701
3702
3703
3703
3703
3704
3704
3705
3705
3706
3706
3707
3707
3707
3709
3710
3710
3710
3711
3711
3712
3712
3713
3715
3715
3717
3717
3717
3718
3718
3719
3719
3720
3720
3723
3724
3727
3727
3728
3729
3730
3730
3730
3732
3732
3733
3736
3737
3737
3737
3739
3740
3742
3744
3744
3744
3746
3747
3747
3748
3749
3749
3750
3750
3751
3752
3753
3756
3756
3758
3758
3759
3760
3761
3762
3762
3762
3762
3763
3767
3767
3768
3769
3769
3771
3771
3772
3772
3773
3780
3782
3783
3787
3788
3788
3791
3791
3793
3794
3794
3794
3795
3797
3798
3800
3800
3801
3802
3803
3804
3805
3806
3808
3809
3809
3809
3809
3810
3811
3811
3812
3813
3813
3813
3816
3816
3819
3819
3820
3821
3821
3822
3823
3823
3823
3824
3827
3828
3828
3830
3833
3833
3834
3836
3838
3838
3838
3840
3840
3841
3842
3843
3844
3844
3845
3847
3847
3848
3850
3852
3852
3852
3854
3859
3860
3860
3861
3862
3865
3868
3868
3869
3870
3870
3870
3871
3873
3873
3874
3874
3875
3876
3878
3879
3883
3883
3884
3884
3885
3888
3888
3888
3888
3890
3890
3891
3894
3898
3898
3899
3900
3902
3903
3904
3908
3910
3910
3912
3914
3914
3915
3916
3920
3925
3928
3928
3931
3931
3931
3934
3935
3936
3938
3939
3941
3942
3942
3944
3945
3945
3947
3947
3948
3950
3953
3955
3955
3956
3957
3957
3960
3960
3961
3962
3965
3967
3967
3968
3974
3974
3974
3975
3976
3981
3982
3984
3985
3985
3987
3988
3989
3990
3990
3990
3990
3991
3993
3994
3995
3995
3996
3996
3996
3996
3997
3997
3997
3997
3998
4001
4003
4004
4006
4006
4006
4007
4012
4012
4013
4016
4016
4017
4019
4020
4020
4022
4025
4025
4026
4027
4029
4030
4031
4032
4032
4033
4033
4034
4035
4035
4036
4038
4039
4039
4039
4043
4044
4045
4046
4046
4046
4049
4051
4054
4055
4056
4056
4057
4060
4060
4062
4064
4065
4068
4068
4070
4071
4073
4073
4074
4076
4076
4077
4077
4080
4081
4082
4083
4084
4086
4086
4087
4087
4090
4091
4092
4092
4096
4096
4097
4099
4099
4099
4101
4102
4104
4104
4105
4108
4109
4111
4113
4115
4117
4118
4118
4119
4120
4120
4121
4123
4124
4129
4129
4131
4132
4132
4137
4137
4138
4138
4139
4140
4143
4144
4144
4145
4150
4151
4152
4153
4153
4153
4153
4155
4157
4157
4157
4158
4158
4161
4162
4163
4164
4165
4166
4167
4167
4168
4168
4169
4171
4172
4172
4176
4176
4179
4180
4180
4181
4183
4184
4184
4185
4185
4186
4186
4188
4189
4191
4191
4192
4192
4193
4198
4200
4204
4205
4206
4207
4207
4207
4207
4207
4208
4209
4209
4209
4210
4210
4210
4211
4211
4212
4216
4217
4217
4219
4220
4220
4220
4222
4222
4222
4223
4223
4223
4224
4225
4225
4230
4231
4233
4236
4237
4238
4239
4239
4239
4242
4247
4249
4249
4249
4249
4251
4252
4254
4257
4257
4258
4259
4260
4263
4263
4264
4264
4268
4269
4271
4272
4272
4273
4274
4274
4274
4274
4275
4276
4277
4277
4277
4277
4278
4280
4280
4280
4281
4283
4283
4284
4286
4287
4287
4287
4288
4288
4289
4290
4290
4290
4290
4291
4292
4293
4293
4295
4295
4295
4297
4298
4298
4298
4302
4303
4303
4304
4306
4310
4310
4310
4311
4314
4314
4318
4319
4319
4320
4320
4322
4324
4325
4326
4326
4327
4327
4327
4327
4329
4330
4334
4335
4335
4335
4336
4337
4338
4338
4338
4338
4339
4342
4342
4342
4347
4348
4349
4350
4353
4354
4356
4358
4360
4361
4361
4362
4363
4363
4363
4367
4367
4368
4368
4371
4373
4373
4373
4376
4376
4376
4377
4377
4377
4377
4378
4379
4379
4380
4381
4381
4383
4384
4385
4386
4386
4387
4387
4388
4389
4390
4390
4391
4391
4391
4391
4392
4392
4392
4394
4396
4396
4398
4399
4400
4401
4403
4404
4404
4404
4406
4406
4406
4407
4408
4408
4410
4412
4413
4413
4414
4416
4416
4416
4416
4417
4420
4421
4421
4422
4424
4424
4430
4433
4434
4434
4436
4436
4436
4437
4437
4438
4440
4442
4443
4444
4448
4448
4448
4449
4452
4453
4453
4453
4454
4455
4456
4457
4458
4459
4459
4460
4463
4466
4466
4466
4466
4467
4468
4469
4471
4473
4473
4474
4475
4475
4475
4476
4478
4479
4479
4480
4480
4482
4484
4485
4486
4488
4491
4491
4492
4493
4494
4494
4495
4496
4496
4496
4499
4503
4503
4503
4504
4505
4507
4510
4511
4511
4512
4512
4512
4514
4515
4516
4516
4517
4520
4520
4521
4523
4523
4523
4523
4524
4529
4530
4531
4533
4536
4537
4537
4539
4540
4541
4542
4542
4543
4543
4544
4547
4548
4550
4551
4551
4552
4552
4553
4554
4554
4554
4554
4555
4555
4555
4559
4559
4561
4561
4561
4562
4562
4563
4564
4565
4566
4567
4568
4573
4573
4575
4576
4577
4578
4579
4580
4582
4584
4585
4585
4586
4588
4590
4592
4592
4595
4595
4595
4596
4599
4601
4601
4601
4601
4601
4602
4602
4603
4606
4607
4608
4609
4610
4611
4611
4612
4613
4614
4615
4616
4616
4616
4617
4618
4618
4618
4619
4620
4620
4620
4620
4621
4622
4622
4622
4623
4624
4625
4627
4628
4628
4629
4632
4632
4632
4633
4633
4633
4634
4635
4635
4638
4638
4639
4644
4645
4645
4645
4645
4645
4648
4650
4651
4652
4652
4653
4653
4653
4656
4656
4657
4658
4659
4662
4664
4665
4666
4666
4668
4670
4673
4673
4673
4674
4674
4678
4680
4681
4682
4683
4684
4685
4685
4686
4686
4687
4687
4689
4689
4690
4690
4690
4691
4691
4692
4692
4693
4693
4697
4698
4698
4700
4701
4705
4706
4706
4707
4709
4710
4711
4713
4714
4714
4714
4715
4715
4717
4717
4717
4718
4720
4720
4720
4723
4723
4724
4724
4725
4725
4725
4728
4729
4729
4729
4729
4730
4730
4731
4731
4733
4734
4735
4736
4737
4737
4737
4738
4738
4739
4740
4741
4741
4741
4741
4742
4742
4742
4743
4748
4749
4750
4751
4751
4751
4752
4753
4753
4755
4759
4759
4759
4759
4762
4763
4764
4765
4765
4766
4767
4768
4769
4769
4770
4771
4771
4772
4773
4773
4773
4773
4773
4773
4774
4774
4775
4775
4776
4777
4777
4778
4780
4780
4780
4781
4781
4786
4787
4787
4788
4788
4789
4789
4790
4791
4791
4794
4796
4797
4799
4807
4807
4809
4809
4810
4811
4811
4812
4813
4813
4813
4814
4814
4814
4816
4818
4818
4819
4820
4821
4822
4822
4823
4825
4825
4825
4827
4829
4830
4831
4832
4834
4834
4835
4838
4839
4841
4841
4842
4842
4843
4845
4845
4847
4849
4849
4850
4850
4852
4852
4852
4852
4853
4854
4859
4860
4860
4862
4862
4863
4863
4864
4864
4865
4866
4867
4867
4867
4868
4868
4869
4870
4871
4873
4874
4874
4875
4876
4877
4879
4879
4880
4880
4881
4881
4881
4881
4882
4882
4883
4884
4886
4886
4887
4888
4889
4890
4893
4893
4893
4898
4898
4898
4899
4899
4900
4901
4901
4901
4904
4906
4906
4907
4907
4908
4908
4910
4911
4912
4913
4913
4913
4914
4920
4920
4921
4923
4925
4925
4927
4927
4928
4928
4928
4932
4933
4936
4937
4937
4937
4938
4940
4942
4942
4942
4944
4945
4945
4947
4948
4948
4948
4949
4951
4953
4954
4954
4954
4955
4956
4957
4958
4958
4959
4960
4960
4961
4964
4964
4964
4964
4967
4969
4971
4972
4972
4973
4973
4974
4974
4976
4979
4980
4980
4982
4982
4985
4989
4991
4991
4992
4994
4994
4994
4996
4999
5000
5000
5000
5002
5003
5003
5003
5004
5005
5005
5007
5008
5010
5012
5014
5015
5017
5017
5018
5018
5019
5021
5021
5022
5023
5024
5024
5024
5025
5028
5029
5029
5030
5030
5031
5031
5033
5033
5034
5034
5035
5035
5035
5036
5036
5036
5036
5042
5044
5044
5045
5045
5046
5046
5048
5049
5050
5052
5053
5054
5054
5054
5056
5056
5057
5058
5060
5061
5061
5062
5062
5062
5063
5066
5066
5066
5067
5067
5068
5069
5070
5071
5077
5079
5079
5081
5082
5082
5086
5087
5087
5087
5088
5090
5091
5091
5091
5093
5093
5094
5095
5095
5096
5096
5096
5097
5100
5101
5101
5102
5103
5103
5105
5105
5106
5107
5107
5107
5108
5109
5109
5110
5111
5112
5113
5115
5116
5117
5117
5117
5118
5121
5121
5123
5123
5126
5127
5127
5128
5128
5130
5130
5130
5131
5132
5133
5133
5133
5134
5134
5134
5135
5135
5136
5138
5139
5139
5141
5142
5143
5143
5144
5147
5151
5155
5155
5157
5157
5157
5158
5158
5159
5160
5161
5163
5166
5167
5168
5169
5172
5173
5173
5175
5175
5176
5176
5177
5178
5179
5179
5181
5181
5183
5184
5184
5185
5187
5187
5188
5189
5190
5192
5194
5194
5194
5196
5200
5201
5203
5205
5205
5206
5207
5208
5211
5213
5214
5214
5218
5221
5223
5223
5224
5224
5224
5227
5227
5230
5233
5233
5234
5235
5236
5236
5237
5238
5239
5239
5239
5240
5241
5242
5242
5243
5243
5244
5244
5245
5246
5247
5247
5249
5249
5250
5251
5253
5254
5254
5255
5255
5256
5257
5258
5258
5260
5260
5262
5264
5265
5266
5266
5267
5268
5268
5269
5269
5269
5270
5271
5272
5273
5274
5274
5275
5276
5277
5277
5277
5278
5279
5282
5282
5283
5284
5284
5286
5286
5287
5289
5289
5290
5292
5292
5293
5294
5294
5296
5299
5300
5301
5303
5304
5306
5307
5308
5310
5311
5311
5314
5317
5319
5319
5321
5324
5325
5325
5326
5327
5327
5329
5329
5332
5332
5333
5333
5334
5334
5335
5336
5337
5338
5339
5340
5341
5342
5342
5343
5345
5345
5346
5348
5348
5349
5350
5352
5352
5352
5353
5353
5355
5357
5357
5358
5359
5363
5363
5363
5364
5367
5369
5371
5371
5374
5374
5375
5376
5376
5377
5377
5377
5378
5379
5379
5380
5381
5381
5381
5382
5384
5386
5387
5388
5393
5394
5394
5396
5396
5397
5398
5399
5399
5401
5402
5403
5405
5406
5406
5407
5407
5408
5409
5411
5412
5412
5414
5414
5415
5415
5416
5417
5417
5418
5418
5419
5422
5423
5423
5425
5426
5427
5428
5429
5429
5430
5432
5433
5433
5435
5435
5436
5436
5439
5440
5441
5442
5444
5446
5446
5446
5448
5449
5449
5451
5452
5452
5454
5456
5456
5457
5457
5457
5458
5460
5461
5463
5463
5465
5465
5465
5466
5466
5467
5468
5468
5469
5469
5469
5472
5473
5473
5474
5475
5479
5479
5479
5480
5481
5482
5482
5483
5483
5483
5487
5488
5490
5491
5491
5493
5493
5495
5496
5496
5498
5499
5501
5503
5503
5504
5506
5506
5506
5509
5509
5509
5510
5510
5510
5510
5511
5511
5512
5512
5512
5513
5513
5513
5516
5517
5517
5517
5518
5519
5519
5519
5521
5521
5522
5522
5523
5523
5523
5524
5525
5525
5527
5527
5527
5529
5530
5531
5532
5535
5536
5538
5538
5538
5541
5542
5545
5547
5548
5549
5550
5551
5554
5556
5557
5558
5558
5559
5560
5562
5563
5564
5567
5567
5569
5570
5571
5573
5575
5576
5576
5576
5578
5579
5581
5581
5583
5583
5583
5584
5584
5585
5585
5587
5587
5588
5588
5589
5589
5589
5589
5589
5590
5591
5591
5591
5592
5592
5595
5596
5597
5597
5600
5600
5600
5602
5603
5606
5607
5607
5608
5609
5610
5610
5612
5615
5618
5619
5619
5621
5624
5624
5624
5628
5629
5633
5633
5636
5640
5641
5643
5643
5644
5648
5649
5650
5651
5652
5652
5654
5655
5659
5659
5660
5661
5661
5664
5665
5667
5667
5667
5668
5669
5670
5671
5672
5673
5674
5674
5675
5676
5678
5681
5681
5683
5684
5685
5687
5688
5689
5691
5691
5691
5692
5693
5694
5694
5696
5696
5700
5700
5700
5701
5705
5705
5705
5706
5706
5707
5709
5709
5709
5710
5711
5712
5714
5714
5717
5717
5718
5718
5719
5719
5721
5721
5722
5722
5722
5723
5723
5723
5723
5725
5726
5729
5730
5730
5730
5731
5731
5733
5733
5733
5734
5734
5735
5735
5735
5737
5737
5737
5738
5740
5741
5742
5742
5746
5746
5747
5749
5750
5750
5753
5755
5755
5756
5756
5756
5758
5760
5761
5764
5764
5765
5766
5767
5767
5768
5770
5771
5773
5773
5776
5777
5778
5780
5782
5782
5783
5783
5785
5785
5787
5788
5789
5789
5790
5791
5792
5794
5794
5795
5796
5797
5801
5801
5801
5801
5802
5804
5805
5805
5805
5805
5806
5808
5809
5809
5809
5810
5810
5812
5813
5815
5816
5816
5816
5817
5817
5818
5820
5820
5821
5832
5833
5833
5833
5834
5837
5837
5839
5841
5841
5841
5843
5843
5844
5845
5845
5845
5848
5849
5850
5850
5850
5852
5853
5853
5854
5854
5854
5858
5858
5859
5860
5861
5862
5864
5865
5866
5866
5866
5867
5869
5870
5873
5874
5874
5874
5875
5877
5878
5880
5881
5882
5883
5883
5883
5884
5886
5886
5886
5889
5892
5893
5896
5899
5899
5899
5902
5904
5906
5907
5907
5908
5909
5910
5910
5912
5912
5913
5913
5915
5916
5916
5917
5917
5918
5919
5920
5921
5922
5922
5922
5923
5924
5925
5925
5926
5926
5927
5927
5931
5931
5932
5933
5933
5934
5935
5936
5937
5937
5938
5940
5940
5941
5941
5941
5943
5944
5944
5947
5947
5947
5948
5949
5950
5952
5954
5954
5954
5955
5955
5956
5957
5959
5963
5963
5965
5965
5965
5967
5967
5967
5969
5970
5971
5971
5971
5973
5974
5976
5977
5977
5979
5979
5980
5981
5984
5984
5984
5984
5987
5988
5988
5989
5990
5990
5993
5993
5994
5995
5996
5996
5996
5996
5997
5997
5998
5998
6000
6000
6002
6003
6005
6006
6007
6009
6011
6011
6012
6013
6013
6014
6014
6016
6016
6017
6018
6019
6020
6020
6021
6021
6022
6022
6023
6024
6024
6024
6025
6026
6026
6026
6027
6027
6028
6028
6029
6030
6031
6033
6033
6034
6037
6038
6041
6041
6042
6042
6042
6043
6044
6045
6045
6045
6045
6045
6045
6046
6047
6048
6049
6049
6049
6049
6050
6052
6055
6055
6055
6057
6058
6058
6058
6059
6059
6060
6062
6064
6064
6064
6064
6068
6069
6070
6071
6072
6072
6073
6074
6074
6074
6075
6075
6076
6076
6076
6077
6078
6078
6082
6082
6083
6084
6084
6086
6086
6087
6092
6093
6095
6095
6097
6098
6100
6100
6101
6102
6102
6103
6103
6105
6106
6106
6107
6108
6109
6110
6112
6113
6113
6115
6116
6116
6117
6117
6118
6118
6118
6118
6120
6120
6122
6123
6124
6125
6128
6128
6129
6132
6132
6134
6136
6137
6139
6142
6142
6143
6143
6143
6144
6144
6144
6145
6145
6146
6147
6147
6148
6149
6149
6150
6151
6154
6154
6155
6155
6156
6156
6156
6158
6158
6162
6163
6163
6166
6168
6168
6169
6173
6175
6176
6178
6178
6180
6180
6181
6182
6182
6182
6182
6183
6183
6184
6184
6186
6187
6187
6187
6188
6189
6189
6190
6191
6191
6192
6192
6194
6194
6194
6196
6196
6197
6198
6199
6199
6203
6203
6204
6206
6206
6206
6207
6207
6208
6208
6209
6209
6209
6209
6211
6214
6217
6219
6221
6222
6222
6224
6225
6227
6228
6228
6228
6230
6230
6231
6232
6239
6239
6242
6242
6243
6244
6244
6244
6247
6247
6248
6249
6253
6253
6254
6257
6257
6257
6258
6260
6261
6263
6265
6266
6266
6267
6269
6271
6272
6278
6278
6279
6279
6280
6280
6281
6282
6283
6284
6285
6287
6289
6294
6295
6295
6295
6297
6297
6298
6300
6302
6303
6303
6305
6308
6310
6310
6311
6311
6311
6313
6313
6314
6317
6318
6319
6319
6320
6320
6321
6323
6323
6327
6329
6329
6331
6334
6337
6337
6337
6340
6340
6343
6347
6347
6350
6350
6350
6350
6350
6351
6352
6352
6352
6353
6353
6354
6355
6356
6357
6357
6357
6358
6358
6360
6360
6362
6362
6365
6365
6366
6366
6366
6366
6366
6367
6368
6370
6370
6371
6371
6373
6373
6375
6376
6377
6377
6379
6381
6381
6381
6382
6385
6387
6387
6388
6389
6392
6392
6393
6394
6396
6398
6398
6399
6399
6400
6401
6401
6401
6402
6402
6402
6403
6403
6404
6405
6406
6407
6409
6409
6410
6410
6410
6410
6411
6412
6413
6414
6414
6415
6416
6417
6420
6421
6423
6425
6426
6427
6427
6432
6433
6433
6433
6433
6434
6434
6434
6435
6436
6436
6437
6438
6439
6441
6441
6443
6443
6446
6447
6449
6450
6452
6453
6453
6454
6454
6455
6455
6455
6456
6458
6458
6459
6460
6461
6461
6461
6461
6463
6463
6465
6465
6466
6466
6466
6466
6469
6470
6472
6472
6473
6474
6476
6477
6478
6478
6478
6478
6479
6479
6480
6481
6482
6482
6485
6487
6488
6490
6491
6491
6492
6493
6493
6494
6494
6495
6496
6496
6497
6498
6498
6498
6500
6501
6502
6503
6503
6503
6503
6503
6504
6504
6504
6505
6506
6507
6507
6507
6507
6510
6512
6512
6513
6514
6514
6515
6515
6516
6517
6518
6519
6519
6520
6521
6524
6524
6526
6526
6526
6527
6529
6529
6535
6536
6537
6541
6541
6541
6543
6544
6544
6546
6546
6548
6548
6549
6550
6551
6551
6552
6552
6552
6553
6554
6554
6555
6556
6557
6557
6558
6559
6560
6560
6561
6562
6563
6566
6567
6570
6570
6573
6574
6575
6580
6582
6582
6583
6585
6585
6586
6586
6586
6587
6587
6588
6589
6589
6590
6592
6593
6594
6594
6595
6601
6602
6602
6602
6605
6607
6608
6608
6609
6611
6611
6612
6612
6612
6612
6613
6613
6616
6617
6617
6617
6621
6622
6622
6622
6623
6624
6626
6627
6628
6630
6633
6634
6634
6638
6638
6638
6639
6640
6642
6644
6645
6645
6645
6646
6647
6648
6648
6650
6651
6653
6654
6655
6655
6655
6656
6657
6659
6661
6662
6662
6662
6663
6664
6664
6664
6664
6664
6665
6665
6666
6668
6668
6669
6669
6670
6670
6673
6674
6675
6675
6677
6678
6679
6679
6681
6682
6682
6685
6685
6686
6686
6687
6688
6690
6691
6692
6692
6693
6694
6694
6695
6695
6696
6698
6699
6700
6700
6702
6705
6706
6707
6708
6710
6711
6713
6714
6715
6716
6721
6721
6722
6722
6723
6723
6725
6725
6726
6728
6728
6729
6729
6729
6732
6733
6734
6735
6735
6735
6736
6737
6737
6737
6737
6738
6738
6739
6741
6742
6742
6742
6743
6743
6743
6744
6746
6746
6746
6746
6747
6748
6748
6749
6752
6753
6757
6757
6758
6758
6762
6762
6763
6764
6764
6765
6766
6767
6768
6768
6768
6769
6769
6769
6769
6770
6770
6770
6771
6771
6774
6774
6775
6776
6777
6777
6780
6780
6782
6782
6786
6790
6791
6792
6792
6792
6792
6793
6793
6793
6794
6797
6798
6800
6800
6800
6800
6801
6804
6805
6811
6813
6813
6814
6816
6817
6818
6819
6819
6821
6821
6825
6826
6828
6829
6832
6833
6833
6834
6839
6840
6845
6846
6849
6850
6850
6850
6851
6852
6853
6854
6854
6854
6855
6856
6860
6863
6863
6864
6864
6865
6865
6866
6866
6866
6868
6868
6869
6870
6871
6871
6872
6873
6875
6876
6878
6878
6880
6880
6883
6883
6884
6885
6886
6886
6887
6889
6890
6891
6891
6893
6893
6895
6896
6896
6896
6896
6897
6900
6902
6902
6902
6902
6903
6904
6905
6905
6907
6908
6910
6912
6913
6913
6914
6914
6914
6915
6915
6916
6916
6916
6917
6918
6923
6923
6925
6925
6925
6925
6925
6926
6927
6927
6927
6928
6928
6928
6930
6930
6931
6931
6932
6932
6934
6934
6936
6939
6939
6940
6941
6941
6942
6943
6944
6945
6946
6946
6947
6948
6948
6949
6949
6949
6949
6950
6950
6951
6951
6952
6953
6953
6954
6955
6957
6957
6958
6959
6959
6960
6963
6963
6963
6964
6965
6968
6968
6970
6971
6971
6972
6972
6977
6981
6982
6982
6984
6985
6986
6986
6987
6988
6991
6991
6991
6991
6991
6996
6998
6999
6999
6999
7000
7000
7001
7002
7006
7007
7007
7009
7012
7012
7013
7013
7013
7014
7016
7016
7021
7025
7026
7026
7030
7033
7040
7041
7042
7043
7044
7047
7047
7048
7048
7050
7050
7050
7051
7051
7056
7057
7058
7058
7058
7059
7059
7059
7060
7060
7062
7062
7064
7066
7067
7067
7068
7068
7071
7071
7071
7071
7073
7074
7075
7075
7076
7076
7078
7078
7080
7081
7081
7082
7083
7084
7085
7086
7086
7086
7087
7087
7088
7089
7089
7090
7093
7093
7093
7094
7097
7099
7099
7103
7104
7106
7107
7108
7108
7109
7109
7111
7111
7111
7112
7112
7118
7119
7120
7121
7123
7124
7125
7127
7127
7128
7129
7130
7130
7130
7132
7132
7133
7133
7133
7133
7136
7136
7137
7138
7138
7138
7138
7138
7144
7144
7144
7144
7144
7147
7147
7148
7148
7149
7152
7152
7153
7154
7155
7155
7156
7158
7158
7158
7158
7162
7163
7164
7165
7166
7167
7168
7169
7169
7169
7173
7174
7176
7178
7178
7179
7181
7183
7184
7185
7185
7186
7186
7189
7194
7196
7196
7197
7198
7198
7199
7200
7200
7201
7202
7202
7203
7204
7205
7207
7209
7209
7210
7210
7211
7211
7211
7212
7212
7214
7215
7216
7217
7217
7217
7218
7218
7218
7220
7220
7220
7220
7222
7223
7225
7226
7227
7228
7229
7229
7231
7232
7234
7234
7235
7238
7238
7239
7240
7240
7240
7241
7241
7241
7242
7243
7243
7244
7245
7245
7247
7247
7247
7248
7248
7249
7250
7252
7255
7257
7257
7258
7259
7259
7259
7262
7263
7265
7265
7266
7266
7267
7267
7269
7269
7269
7270
7270
7271
7272
7272
7272
7273
7273
7277
7278
7279
7279
7280
7280
7281
7283
7283
7284
7285
7285
7286
7289
7289
7289
7290
7290
7290
7290
7291
7291
7292
7292
7294
7295
7295
7296
7297
7299
7300
7301
7302
7302
7302
7303
7303
7304
7305
7307
7308
7310
7311
7312
7313
7314
7315
7316
7316
7319
7320
7320
7321
7322
7323
7323
7325
7326
7329
7329
7329
7330
7332
7334
7335
7336
7336
7336
7338
7338
7338
7338
7338
7339
7341
7341
7342
7343
7343
7344
7345
7345
7346
7349
7349
7350
7350
7351
7352
7353
7354
7354
7355
7356
7356
7356
7358
7359
7360
7360
7361
7361
7362
7364
7365
7366
7366
7367
7368
7369
7369
7370
7370
7371
7373
7374
7374
7374
7375
7381
7382
7383
7383
7385
7387
7387
7387
7389
7389
7390
7390
7392
7393
7399
7399
7400
7401
7402
7403
7403
7403
7405
7405
7406
7407
7410
7411
7412
7414
7415
7416
7418
7419
7419
7419
7420
7422
7422
7423
7423
7424
7424
7426
7427
7427
7427
7430
7431
7432
7436
7438
7438
7439
7439
7439
7443
7445
7446
7446
7447
7453
7453
7455
7456
7459
7462
7463
7464
7467
7467
7467
7470
7470
7473
7473
7474
7478
7479
7479
7480
7481
7482
7483
7484
7484
7484
7484
7485
7487
7487
7488
7489
7489
7490
7490
7493
7495
7495
7496
7498
7499
7499
7500
7500
7500
7501
7503
7504
7506
7508
7509
7510
7511
7512
7515
7515
7515
7517
7517
7517
7518
7519
7519
7521
7521
7522
7523
7524
7524
7525
7525
7525
7526
7528
7528
7529
7529
7529
7531
7536
7537
7538
7538
7538
7538
7539
7539
7542
7543
7544
7544
7546
7548
7548
7549
7550
7550
7551
7551
7552
7553
7554
7554
7558
7558
7558
7562
7562
7564
7565
7565
7565
7568
7569
7569
7569
7576
7577
7578
7580
7581
7582
7582
7582
7583
7583
7584
7585
7586
7587
7587
7589
7589
7590
7591
7593
7593
7594
7596
7597
7598
7601
7601
7601
7603
7603
7604
7604
7604
7604
7605
7605
7607
7607
7607
7609
7609
7611
7611
7612
7612
7612
7612
7613
7614
7614
7614
7615
7617
7619
7620
7621
7625
7630
7632
7632
7633
7633
7635
7635
7636
7636
7638
7639
7639
7639
7640
7641
7642
7642
7642
7643
7644
7645
7645
7646
7648
7649
7655
7658
7658
7659
7660
7661
7661
7662
7664
7665
7666
7666
7668
7669
7670
7672
7673
7674
7674
7674
7675
7676
7677
7677
7677
7678
7683
7685
7685
7685
7687
7687
7687
7688
7688
7688
7689
7689
7690
7691
7692
7693
7694
7694
7695
7695
7696
7696
7696
7697
7697
7701
7702
7703
7705
7706
7707
7708
7708
7708
7710
7710
7710
7710
7711
7712
7713
7714
7715
7715
7717
7718
7719
7719
7721
7721
7721
7724
7724
7724
7725
7725
7725
7726
7727
7728
7729
7729
7730
7730
7731
7734
7734
7735
7735
7739
7741
7742
7742
7743
7744
7745
7745
7746
7748
7749
7749
7749
7751
7752
7752
7752
7753
7754
7754
7755
7755
7757
7758
7759
7761
7761
7761
7762
7763
7763
7763
7763
7764
7765
7767
7770
7774
7774
7775
7775
7776
7776
7777
7777
7780
7780
7782
7782
7784
7785
7785
7787
7789
7793
7795
7795
7795
7796
7796
7798
7798
7798
7799
7800
7800
7801
7801
7804
7807
7810
7810
7811
7812
7812
7812
7813
7813
7814
7816
7816
7818
7819
7822
7824
7825
7825
7826
7829
7829
7830
7830
7830
7830
7831
7832
7832
7832
7833
7834
7834
7835
7835
7836
7837
7837
7837
7837
7838
7840
7841
7841
7841
7842
7843
7843
7846
7846
7847
7850
7850
7852
7852
7853
7853
7854
7854
7856
7856
7857
7857
7857
7858
7859
7861
7862
7863
7863
7866
7866
7867
7867
7868
7868
7870
7871
7873
7874
7874
7876
7877
7877
7878
7879
7879
7881
7883
7883
7885
7885
7886
7887
7890
7891
7891
7892
7893
7893
7893
7894
7894
7896
7896
7897
7897
7897
7899
7901
7903
7906
7907
7908
7908
7909
7911
7912
7913
7918
7918
7919
7919
7922
7924
7925
7925
7926
7928
7931
7934
7935
7937
7938
7941
7942
7942
7942
7943
7944
7944
7946
7948
7950
7950
7950
7952
7954
7954
7955
7956
7956
7957
7957
7958
7958
7958
7960
7961
7961
7961
7962
7962
7964
7964
7964
7967
7968
7969
7969
7970
7973
7974
7974
7974
7975
7975
7976
7978
7978
7979
7981
7983
7984
7985
7985
7985
7986
7986
7988
7989
7990
7991
7992
7993
7993
7994
7995
7995
7995
8000
8000
8006
8007
8009
8011
8012
8013
8015
8016
8019
8019
8019
8021
8021
8023
8024
8025
8026
8027
8027
8028
8029
8029
8029
8030
8031
8031
8031
8033
8033
8033
8033
8034
8035
8035
8036
8037
8037
8037
8038
8038
8040
8041
8041
8042
8045
8048
8048
8048
8049
8050
8051
8051
8052
8053
8053
8054
8056
8057
8058
8060
8062
8064
8064
8064
8064
8065
8065
8066
8068
8069
8069
8069
8071
8071
8071
8072
8072
8072
8073
8076
8076
8080
8080
8081
8081
8083
8085
8086
8086
8087
8087
8089
8089
8090
8090
8093
8093
8095
8095
8096
8099
8100
8100
8100
8100
8100
8100
8102
8102
8103
8103
8103
8105
8108
8108
8109
8110
8110
8111
8112
8112
8112
8113
8113
8113
8113
8114
8117
8118
8118
8119
8121
8121
8121
8121
8124
8124
8126
8128
8129
8129
8129
8130
8131
8132
8134
8134
8136
8137
8138
8138
8140
8141
8142
8142
8142
8143
8144
8145
8145
8146
8148
8149
8152
8154
8154
8154
8154
8155
8157
8158
8159
8159
8159
8160
8161
8166
8168
8168
8169
8171
8173
8177
8177
8178
8179
8179
8179
8181
8181
8181
8182
8182
8182
8182
8185
8185
8187
8188
8190
8196
8196
8197
8198
8199
8200
8200
8201
8201
8202
8202
8203
8204
8206
8206
8208
8208
8210
8211
8212
8214
8215
8215
8217
8219
8221
8222
8224
8226
8228
8229
8230
8232
8232
8232
8233
8234
8235
8235
8237
8237
8239
8244
8248
8248
8248
8250
8254
8257
8258
8260
8260
8262
8263
8264
8264
8265
8265
8267
8268
8271
8271
8273
8275
8277
8277
8278
8278
8278
8278
8279
8281
8283
8283
8284
8285
8286
8288
8289
8289
8290
8290
8292
8292
8293
8293
8294
8296
8296
8297
8297
8298
8300
8301
8301
8301
8302
8303
8305
8307
8308
8309
8311
8312
8312
8315
8316
8316
8317
8319
8319
8321
8321
8323
8325
8327
8327
8329
8330
8330
8331
8332
8332
8333
8333
8333
8336
8336
8338
8342
8343
8343
8343
8344
8345
8346
8347
8348
8348
8349
8350
8353
8354
8358
8359
8359
8360
8360
8360
8360
8363
8364
8365
8365
8368
8369
8370
8372
8372
8373
8373
8374
8375
8375
8376
8376
8379
8380
8382
8383
8384
8386
8387
8387
8387
8388
8390
8390
8391
8393
8393
8394
8394
8399
8399
8400
8401
8401
8404
8405
8405
8405
8407
8408
8410
8410
8410
8410
8411
8415
8415
8417
8418
8418
8419
8420
8420
8420
8421
8422
8423
8426
8427
8427
8427
8430
8430
8431
8431
8431
8432
8433
8433
8435
8435
8435
8437
8438
8438
8439
8440
8440
8441
8441
8441
8445
8445
8446
8447
8447
8447
8447
8449
8450
8451
8452
8452
8452
8453
8454
8454
8454
8456
8457
8459
8459
8460
8462
8462
8463
8464
8465
8470
8470
8471
8472
8474
8475
8476
8477
8477
8481
8481
8481
8482
8482
8482
8482
8483
8483
8484
8484
8485
8488
8490
8491
8492
8494
8495
8496
8496
8497
8498
8498
8498
8499
8500
8500
8501
8502
8503
8507
8507
8508
8509
8511
8511
8512
8512
8512
8513
8513
8514
8515
8516
8516
8520
8520
8520
8521
8521
8521
8523
8524
8525
8526
8528
8528
8528
8530
8530
8530
8530
8530
8531
8532
8534
8534
8536
8537
8538
8539
8539
8540
8540
8542
8543
8545
8545
8546
8551
8551
8552
8553
8554
8554
8558
8558
8559
8560
8561
8561
8561
8562
8562
8563
8563
8563
8564
8565
8566
8566
8567
8569
8570
8572
8573
8575
8575
8575
8576
8576
8576
8577
8579
8579
8582
8582
8582
8582
8583
8583
8585
8588
8588
8589
8590
8590
8590
8592
8592
8593
8593
8593
8593
8594
8594
8595
8596
8597
8598
8599
8599
8599
8599
8600
8605
8605
8606
8606
8609
8610
8610
8612
8612
8612
8613
8614
8617
8621
8622
8625
8625
8627
8628
8628
8628
8629
8629
8630
8630
8631
8631
8631
8632
8634
8640
8642
8643
8644
8644
8645
8646
8647
8650
8651
8651
8651
8651
8654
8654
8655
8656
8658
8660
8662
8663
8663
8663
8664
8665
8665
8666
8667
8668
8670
8670
8671
8671
8673
8674
8674
8674
8676
8676
8676
8678
8679
8681
8681
8681
8682
8683
8686
8687
8687
8687
8689
8690
8690
8691
8693
8694
8694
8694
8696
8696
8698
8699
8700
8701
8702
8702
8702
8704
8706
8706
8706
8707
8708
8710
8710
8710
8712
8713
8714
8715
8716
8717
8718
8718
8719
8719
8719
8719
8720
8720
8720
8724
8726
8729
8730
8730
8731
8732
8733
8734
8734
8737
8739
8740
8742
8743
8744
8745
8745
8746
8747
8747
8747
8750
8750
8751
8751
8751
8752
8754
8754
8755
8757
8759
8760
8760
8764
8766
8766
8767
8767
8767
8768
8769
8773
8774
8775
8776
8777
8777
8778
8781
8781
8783
8785
8786
8788
8790
8790
8792
8792
8794
8796
8799
8799
8799
8800
8800
8801
8801
8802
8804
8805
8806
8807
8807
8809
8810
8811
8811
8813
8813
8814
8814
8816
8818
8818
8820
8821
8823
8824
8824
8824
8824
8828
8828
8829
8830
8831
8832
8834
8835
8836
8836
8836
8836
8840
8841
8841
8841
8842
8842
8845
8845
8847
8847
8849
8849
8850
8850
8850
8851
8851
8853
8853
8853
8853
8854
8857
8858
8859
8859
8860
8860
8860
8861
8861
8862
8864
8865
8866
8871
8872
8877
8878
8878
8879
8879
8879
8879
8882
8882
8882
8884
8884
8884
8885
8885
8887
8889
8889
8890
8891
8891
8892
8892
8893
8893
8895
8896
8897
8899
8899
8899
8900
8901
8902
8902
8902
8906
8907
8909
8911
8911
8911
8911
8912
8912
8912
8913
8915
8916
8916
8917
8917
8919
8919
8922
8923
8923
8925
8927
8929
8930
8930
8932
8932
8936
8937
8940
8940
8941
8942
8943
8946
8946
8947
8948
8949
8949
8950
8950
8950
8951
8951
8952
8952
8952
8953
8954
8954
8955
8955
8958
8959
8962
8964
8967
8967
8968
8969
8969
8969
8969
8970
8971
8974
8975
8976
8977
8978
8978
8979
8982
8983
8983
8984
8984
8988
8988
8989
8990
8991
8991
8993
8994
8995
8995
8995
8995
8997
8998
8999
9000
9001
9002
9002
9004
9008
9009
9010
9011
9012
9012
9012
9012
9012
9014
9015
9016
9017
9018
9018
9018
9019
9022
9024
9025
9028
9030
9030
9031
9031
9032
9032
9036
9037
9038
9040
9040
9042
9042
9043
9044
9045
9046
9047
9047
9049
9049
9049
9049
9051
9051
9052
9053
9053
9053
9055
9055
9056
9058
9058
9059
9063
9063
9066
9067
9068
9069
9069
9069
9069
9070
9072
9073
9073
9074
9074
9075
9075
9076
9076
9078
9078
9079
9079
9081
9082
9083
9085
9086
9087
9087
9088
9089
9089
9089
9089
9089
9090
9090
9092
9093
9093
9094
9095
9096
9096
9096
9096
9097
9098
9098
9098
9099
9099
9099
9100
9102
9104
9105
9105
9108
9109
9109
9111
9117
9118
9118
9120
9120
9122
9122
9124
9124
9129
9129
9132
9132
9134
9135
9135
9135
9135
9136
9137
9138
9138
9139
9139
9141
9142
9144
9144
9145
9146
9148
9149
9152
9152
9152
9153
9155
9155
9156
9157
9158
9160
9162
9162
9163
9163
9164
9165
9166
9170
9171
9172
9173
9175
9176
9176
9178
9179
9183
9184
9184
9186
9188
9188
9193
9193
9195
9195
9195
9195
9196
9198
9199
9200
9200
9201
9207
9207
9208
9209
9210
9211
9211
9214
9216
9218
9218
9219
9220
9223
9223
9224
9224
9224
9225
9225
9232
9233
9235
9237
9238
9241
9242
9242
9242
9243
9244
9245
9245
9246
9246
9247
9249
9249
9249
9249
9250
9251
9252
9253
9253
9253
9254
9255
9255
9259
9259
9259
9259
9259
9259
9260
9260
9261
9264
9264
9264
9265
9265
9266
9267
9268
9270
9271
9272
9272
9273
9274
9274
9276
9276
9277
9279
9279
9281
9281
9281
9281
9282
9282
9284
9285
9285
9287
9287
9290
9291
9291
9291
9292
9295
9296
9302
9302
9303
9304
9305
9305
9305
9306
9306
9307
9307
9309
9310
9312
9314
9317
9318
9320
9321
9321
9321
9324
9327
9328
9328
9328
9328
9331
9334
9334
9336
9336
9337
9337
9338
9338
9338
9341
9343
9345
9349
9349
9350
9351
9352
9354
9354
9354
9355
9356
9356
9359
9360
9360
9360
9360
9362
9363
9363
9365
9366
9367
9367
9372
9373
9373
9374
9375
9380
9382
9382
9385
9386
9389
9390
9390
9391
9391
9392
9393
9393
9394
9394
9394
9395
9395
9396
9400
9400
9400
9403
9404
9404
9407
9408
9409
9409
9411
9412
9412
9413
9413
9416
9416
9416
9417
9417
9417
9417
9419
9422
9422
9423
9423
9424
9425
9426
9427
9428
9428
9428
9429
9432
9432
9434
9434
9437
9438
9439
9440
9442
9442
9445
9446
9446
9446
9446
9447
9447
9449
9450
9450
9451
9451
9452
9453
9454
9455
9456
9457
9458
9458
9459
9460
9460
9460
9461
9464
9465
9467
9468
9469
9469
9471
9471
9473
9477
9477
9477
9477
9479
9480
9480
9480
9481
9482
9483
9483
9484
9486
9487
9488
9489
9490
9490
9493
9495
9497
9498
9499
9500
9500
9501
9507
9508
9510
9511
9512
9513
9514
9514
9514
9515
9517
9518
9519
9519
9521
9522
9523
9524
9524
9525
9525
9526
9528
9531
9532
9532
9532
9534
9534
9535
9535
9535
9537
9538
9538
9538
9539
9539
9540
9543
9544
9544
9545
9546
9546
9547
9547
9549
9550
9550
9551
9552
9552
9555
9555
9556
9556
9558
9558
9559
9560
9560
9561
9562
9564
9565
9565
9566
9567
9567
9567
9568
9570
9571
9572
9573
9574
9575
9576
9576
9576
9577
9580
9580
9584
9585
9585
9586
9588
9589
9589
9592
9592
9593
9595
9596
9596
9596
9597
9598
9598
9598
9599
9602
9603
9603
9603
9604
9605
9605
9606
9606
9607
9607
9607
9608
9608
9609
9609
9611
9612
9613
9614
9616
9616
9617
9618
9620
9622
9625
9626
9629
9629
9630
9630
9631
9631
9633
9633
9635
9636
9638
9639
9639
9641
9642
9642
9642
9643
9643
9645
9646
9647
9647
9647
9649
9649
9651
9653
9653
9655
9656
9657
9657
9657
9658
9658
9660
9660
9660
9660
9661
9663
9664
9667
9669
9669
9669
9669
9669
9670
9672
9673
9673
9674
9674
9677
9677
9677
9678
9678
9679
9680
9681
9683
9684
9686
9687
9687
9688
9691
9692
9692
9695
9697
9697
9700
9700
9700
9701
9701
9705
9706
9706
9709
9712
9712
9712
9713
9715
9715
9717
9718
9718
9719
9719
9724
9724
9725
9726
9727
9728
9729
9729
9730
9731
9735
9735
9735
9736
9737
9737
9737
9739
9742
9743
9743
9744
9744
9745
9746
9746
9749
9751
9751
9751
9751
9751
9752
9753
9757
9758
9762
9762
9762
9764
9765
9766
9767
9767
9768
9768
9769
9770
9771
9772
9772
9775
9775
9777
9779
9780
9781
9782
9783
9784
9784
9785
9786
9787
9789
9790
9790
9792
9792
9792
9794
9795
9795
9796
9796
9798
9799
9799
9800
9800
9801
9802
9802
9803
9803
9805
9806
9807
9808
9808
9809
9810
9810
9810
9811
9812
9813
9813
9814
9815
9816
9817
9817
9819
9820
9820
9821
9822
9823
9826
9828
9831
9833
9834
9834
9837
9837
9839
9842
9844
9845
9846
9847
9847
9848
9853
9855
9856
9857
9860
9861
9861
9862
9862
9863
9865
9865
9865
9865
9868
9868
9869
9873
9875
9876
9878
9879
9880
9881
9882
9884
9887
9891
9891
9892
9893
9894
9896
9896
9899
9900
9900
9901
9901
9901
9903
9905
9907
9908
9910
9911
9911
9911
9911
9911
9912
9912
9913
9916
9917
9919
9919
9920
9921
9921
9922
9923
9923
9924
9925
9927
9928
9930
9930
9931
9931
9932
9934
9935
9936
9936
9937
9937
9937
9940
9941
9941
9942
9944
9945
9946
9946
9947
9947
9947
9948
9949
9950
9950
9951
9951
9952
9954
9955
9955
9956
9958
9960
9961
9961
9963
9966
9968
9969
9970
9970
9970
9971
9972
9973
9973
9974
9975
9977
9979
9980
9980
9983
9984
9984
9985
9986
9986
9987
9987
9988
9989
9989
9990
9991
9991
9991
9991
9992
9993
9994
9994
9994
9995
9995
9995
