7186
1021
8612
6078
8408
6295
9697
3408
2270
9934
3416
8086
8440
3816
4954
2922
1640
7336
2
7795
3879
4724
6055
1982
9129
9118
1679
1989
3296
173
9028
3044
5469
6049
5764
428
7406
5158
6046
240
6918
7767
6771
7836
7459
2687
4383
6191
534
9642
9677
5730
9815
3655
2836
1815
5795
3791
8628
5977
7677
4948
2167
2255
4814
8037
8911
526
3458
835
8708
4624
5854
9109
2579
4191
7761
5163
2701
5705
7392
8859
540
9947
3450
4422
5491
290
2441
4790
6501
8599
5782
4188
2172
3310
5357
8687
590
7283
2083
4016
8775
1421
5880
9647
3017
3689
6939
8289
5621
2218
7604
272
633
5423
1390
3091
919
1733
624
7338
1725
6433
7082
1624
1222
3382
573
732
6912
4901
8884
3216
7843
4032
8800
6915
6479
9514
1911
3459
836
5341
877
5737
7014
3550
1461
5510
4616
1045
3195
1870
2694
8650
6825
5105
1874
3351
9861
4653
9069
2748
2454
4314
4823
4099
4628
2648
9701
9014
2448
1584
5436
8865
5071
1673
8503
5272
6866
8100
8731
4656
8760
7635
3139
5771
810
3019
5742
4373
3632
7919
7320
9751
9765
2596
5242
3700
7302
7636
2378
3700
7196
756
5853
8582
2544
9528
925
6721
2833
1146
2625
3968
8645
8805
7994
929
2662
3204
4681
6957
896
6707
7487
1281
4084
7291
3054
47
2901
9081
4278
1765
2206
6413
287
2610
8982
8767
4847
7350
5758
4585
5922
1303
6357
3074
1774
3627
3612
4368
4468
2535
9349
136
9950
8530
5359
8622
4948
2682
350
446
4871
3086
1954
4012
3635
4208
4742
2344
5834
567
4870
6305
4073
8348
9544
2760
9428
5997
4765
3
980
7528
7968
6991
1142
407
3128
7336
7148
3179
4638
3809
5439
6741
2871
4185
4928
7109
8686
4684
7184
6869
6366
2929
6407
7109
4466
8415
9728
1564
1884
4799
8882
9931
2090
4956
7538
7909
1916
6752
4728
7334
2533
4718
3702
1017
9365
411
7259
3336
4524
2160
5178
9483
74
3104
6691
3352
2950
4925
1123
6500
2655
3566
2806
8376
1003
2339
2158
1021
9135
7300
3413
9868
791
9546
932
5912
2352
9179
216
3521
9646
6073
6819
2494
8593
3302
6184
2551
1857
110
111
3389
6473
2644
1028
3705
8034
2303
3551
8089
5491
3561
3885
1625
6866
5342
1574
8157
271
2662
4813
9735
6466
8129
80
1482
8953
6100
9195
8336
5044
5833
2113
7483
6711
3821
1658
3046
3141
9592
7299
7710
7871
3809
8594
9259
2135
2182
5367
8718
2620
3871
924
806
6253
8419
6645
6655
6758
980
1143
3446
7826
1603
4842
5463
5496
751
1314
6381
7993
9762
4
3116
4759
2054
1064
7446
7593
8029
1962
2808
5977
4327
7210
142
5475
5896
7158
8490
2839
7612
9105
3165
3942
674
4166
6699
986
7866
6310
5624
3565
909
5782
9058
4123
2578
7694
3573
2084
6082
8037
2393
2524
4230
3555
6049
4633
1354
8962
5861
2405
1654
4881
1277
5012
8651
2481
7012
7144
1799
6334
6186
220
7893
5266
1192
3823
6981
2072
4932
2999
4632
6925
1210
1075
5121
5996
4565
9603
2906
6347
6675
6694
3032
548
8512
2506
4599
9580
4928
6016
5289
630
1053
301
9076
7088
7961
4512
3720
1776
8427
9500
9411
724
2267
599
5046
4153
4768
5468
3965
3289
1010
7120
6742
6512
3495
2203
4635
6026
444
2503
3610
6677
7355
3219
5542
1883
4985
5031
149
7685
2764
8228
8452
4920
7862
6247
6230
1166
6608
2861
3718
8700
6746
1928
6134
2076
6187
1157
8041
9010
6282
1637
3474
1380
5442
3039
2829
8774
1941
314
7060
5783
3148
1513
9438
5510
2087
7879
5233
6117
1225
6800
112
4172
7702
5340
8704
8481
3838
7155
5867
734
1656
8360
4459
4738
451
8567
5155
4377
1948
1785
5731
1465
8485
8090
9556
8614
5837
1087
5624
8974
3772
8028
5321
4212
4272
9208
4391
4480
9434
688
2027
9268
8523
9794
2916
6038
6381
5941
2152
4286
3454
262
7453
6347
1078
6318
7853
2599
4325
717
3144
8012
8740
6850
3739
8999
6555
7166
6355
4377
2641
9403
6910
1930
352
21
8388
2530
2669
3717
8087
7071
4622
1355
5584
7569
8818
9879
87
2695
7087
6903
3369
9749
7776
9468
2443
9620
9995
1276
4284
8599
3255
5077
3482
1146
3374
7354
2532
611
3253
456
3600
773
211
3365
86
9604
9891
6006
6078
8117
494
3585
1882
1382
8
6826
4186
5817
3513
1179
172
6744
7148
3070
5886
2822
351
4118
523
9501
8155
4814
9921
1894
960
7689
4559
8563
9970
6182
9570
1685
2759
9538
6936
5706
4863
5940
2864
6228
141
5750
6616
3137
4717
4297
551
7217
6828
8919
4979
7439
7544
8129
5610
6896
5479
1718
5796
9004
1910
9363
579
1936
1453
1898
4618
8561
7400
3740
1501
1137
159
7244
7609
4893
1827
9683
9790
2310
9900
1426
2376
346
8317
9508
5776
6194
4629
4233
5812
3235
7950
7688
241
7754
3508
2181
6518
8754
6118
3408
2727
7710
6729
7950
1827
2468
3264
7132
7908
9663
9467
9639
1960
3018
3161
3418
3811
647
8405
3314
6388
3125
4408
4691
8177
5479
7729
4818
9896
493
3290
3215
1754
7749
4030
9336
8417
2718
8678
986
9802
2801
1994
9673
7167
2809
2136
9768
5618
555
5327
6733
6117
4406
8879
6011
2341
8532
9808
8173
344
8315
7776
7858
1856
7928
7892
3704
5299
4455
1033
3987
2068
8072
6770
8025
9538
5805
6738
6503
6337
7152
4320
4860
9937
3484
9931
2613
1369
9534
9826
8072
6951
4530
355
2302
2348
2540
8930
8338
9945
6504
7550
1747
6601
8021
4674
6354
5134
5512
6478
4689
9576
6602
9098
6058
1181
6743
9305
6491
9440
4923
2269
3828
9980
9135
1538
8109
9063
8742
8181
2158
2678
8260
3163
9700
6700
7259
9426
8757
3452
4033
7952
6100
9139
6492
5054
4586
6107
2352
6607
8891
3627
2071
8534
6764
1020
2261
1896
2290
7332
4298
5239
4863
2459
2744
6453
2578
5673
830
1355
1543
8842
5755
6412
3310
3254
4825
8640
1002
953
4573
6512
1015
3747
8909
1942
1241
5659
9092
4880
8625
7462
7822
8884
8592
5179
2159
8110
6358
7938
5079
3649
5504
4424
3525
9837
2274
1302
1514
9253
5057
1463
565
8456
7238
4720
6045
5244
8182
8651
7311
2146
1520
2715
1529
226
2064
4453
5947
1868
2742
2629
1028
1126
702
8500
7335
5513
7423
3042
2378
3620
1104
4940
9692
8836
823
1420
1378
636
1101
1580
7016
1371
2327
9783
6465
8332
7235
4904
1348
7958
6106
9697
235
1485
3730
3477
5503
9093
9249
349
5636
2684
5989
4780
5334
5707
2128
6026
7220
2263
4619
3023
3163
6582
8196
1775
269
8365
8445
7961
6454
9058
2970
8515
3173
9069
7500
7273
8354
6183
4391
1430
901
986
9459
7517
9184
5976
9324
7881
9919
1232
5503
1223
493
977
3406
3684
7401
2218
4071
149
5765
8734
3960
8983
92
1130
3510
7243
4404
6402
8224
7562
672
8551
7059
2362
8064
5105
1609
5841
1973
3122
6178
9249
965
2243
3202
375
1898
1645
676
3873
8248
2390
8268
5126
4392
6575
6622
6590
9036
9961
9951
2318
4329
5277
5531
3241
3227
9304
4913
3129
6650
7991
764
2668
3685
383
137
7058
2609
3904
9656
721
7894
716
621
1205
8491
7241
2341
3281
5689
6735
185
3291
4632
7812
718
3345
2162
230
119
4692
5109
2892
3590
9700
7342
8035
2906
2272
949
9881
6401
7241
6771
5633
735
314
2195
1646
6582
1463
9535
7832
1037
6331
6706
8942
7961
2162
2905
2183
3772
7050
6019
6872
230
3898
5138
3298
7688
3357
1131
4737
1932
3248
583
8747
5286
5488
3563
1249
7955
5381
3662
9670
8710
2265
9543
9481
5003
5021
845
1804
1293
653
7675
8494
1022
9305
2216
5050
1980
4436
2922
1032
7059
2598
6728
2286
2370
3306
2283
9214
2533
5792
7752
546
8583
6132
9994
2647
7385
5135
8027
274
2692
4731
2624
5839
7093
8121
5597
774
937
6893
6880
4363
9031
6493
4852
2553
8463
9988
5535
1668
1132
8884
9271
9705
2797
8907
9261
953
6350
8140
4964
8007
780
4652
4773
9015
8891
873
6608
6875
6208
2354
2101
1503
687
9265
9908
5875
7890
13
6366
1457
9083
7687
7144
8923
345
1733
1893
5587
9242
9136
4936
1852
1883
1772
9019
5175
7203
9074
5816
1510
7279
8159
6459
1033
2100
6668
7710
7047
4781
7202
4551
4412
8511
5993
7935
6566
9660
2645
7277
8302
2408
2230
806
4787
9053
5789
3366
6016
6682
400
458
9903
5304
5349
9356
6472
4737
6669
2994
280
7539
8343
9971
8103
3108
4771
4537
4172
3704
5805
3641
5801
6593
2573
4319
8118
7785
9598
3536
7798
1876
6343
4373
2173
9446
9135
6965
1921
8102
2742
9966
2648
5801
9279
8477
3104
5406
1083
7345
5519
7551
3226
4537
6612
4849
905
7912
6175
4224
6645
100
3848
5750
2386
435
3651
5717
1888
9968
190
8890
9651
5371
37
9900
3518
261
6748
6559
9498
7941
8200
8484
8997
7841
485
2926
594
9022
3511
5883
777
8086
9571
713
667
5481
7706
8312
8605
3810
3436
2636
1754
4039
5589
2833
3336
720
9392
8612
6014
5279
7690
8572
6024
7248
271
2181
7178
6889
4595
4852
8597
9108
9961
2141
5143
7748
1068
3450
4898
1432
6298
7866
3780
6946
655
4714
3379
3834
3170
9281
4466
4360
3925
9766
5244
6263
6303
4972
406
1866
6017
3516
4322
5979
9612
4406
9259
6800
1644
5709
7467
8526
1533
2747
4131
1772
8233
9746
6768
8031
3259
9225
5448
7419
370
1484
7361
4697
3293
2562
8777
7220
1179
2761
7127
9831
5223
9400
6112
5963
8847
6868
7078
1274
8144
4236
666
5955
8927
5681
3703
4554
1635
1823
7725
7604
5590
697
7076
7660
9700
5518
6585
3450
7490
2694
1011
9735
612
7558
1115
7252
6417
7240
4046
6586
2025
9735
8995
2248
9385
5780
2564
8332
3334
5449
2154
5159
7329
4520
9811
7058
9631
6611
3454
5079
6074
5848
7138
4822
4223
1387
7169
8810
7742
9514
6209
4860
9087
1238
3272
6776
3248
3282
3516
1350
5214
8248
8093
6105
9073
5300
942
5583
7215
6219
6387
9973
3957
2905
8699
8897
9139
1489
2324
4832
3678
5091
9409
5208
899
1977
9479
9596
4601
8360
4612
8514
7209
5411
2326
3421
9132
8201
7519
3210
3490
223
4298
1142
8766
899
8264
7564
5592
5087
9946
8000
2876
2920
469
3215
2816
5583
1227
7746
3916
7589
401
6029
6097
8949
470
727
2203
1295
2508
6189
5790
410
5062
1044
5931
3934
7630
7841
5965
7050
1385
4417
4601
840
2673
1172
4622
7728
8036
810
6503
5907
3022
2259
1750
9973
895
8462
3448
8146
1507
8542
9630
7374
5049
8399
8379
6398
184
281
2311
3422
1138
1034
4056
9416
3744
829
3658
278
6137
8967
3456
1077
5817
1099
5902
3463
1143
2575
5066
2904
1981
6055
3089
5918
1168
7489
8729
8670
5747
3590
6360
7439
4516
5585
203
8277
6321
8631
462
7942
1755
3556
5096
652
9428
7846
3404
5545
6839
5694
5364
7885
4991
2773
3693
2947
5408
9970
3996
5342
7934
1748
2027
8065
7812
9018
6084
4951
941
3471
6896
7426
6902
125
6925
1435
408
7568
5988
3274
3110
817
328
3667
9417
9992
7804
7877
1879
9172
2780
5922
4006
3626
421
1009
968
426
1649
6209
1513
6926
6792
9079
7670
3989
8069
1445
2311
5971
8521
6897
8498
7489
7696
1670
8693
7759
2503
5530
6352
6914
4969
8053
7220
5108
7358
2254
2732
4476
9070
1898
3301
6005
9075
1048
5021
8292
2229
4379
9312
2768
7770
4638
1382
487
3535
9251
33
8858
9972
1538
8301
2802
3936
3227
1690
3707
3372
4082
8336
1348
573
1278
3399
8394
3409
5923
8076
4561
1122
6574
2300
7551
3659
9969
8885
997
1305
7289
6155
5311
4386
239
5446
6041
1232
4992
9730
5684
6217
3599
9657
9157
8747
1866
3712
200
8321
9891
9911
5756
434
6470
7482
8159
3029
1389
8300
301
3436
270
9519
7366
1288
5081
788
9743
3788
9669
1719
5670
5886
3762
7878
8896
9382
769
6432
6187
1845
4388
5841
1838
8264
6573
7493
1545
5899
4691
999
5955
5403
8879
9046
5000
9480
1524
2154
7729
3611
9566
8446
8785
2114
6902
8663
1858
6780
8521
2019
2537
4648
244
4217
7816
6076
7918
4991
7147
4225
7749
8850
473
2291
5087
9354
1902
5409
2432
4242
3838
9979
8687
5967
5254
4391
751
9817
9567
1578
5425
9678
2078
5674
4337
9713
4310
2139
7033
8768
2758
3159
7785
3137
2504
7873
9737
2481
1977
48
5984
3154
3733
4143
948
2957
7529
4473
6963
1454
6222
1077
389
340
2035
273
8743
9122
604
7479
5399
2348
2893
4809
1149
5970
521
6182
2635
2116
8333
8279
6068
3441
9207
6516
888
568
9905
1388
2151
8660
3614
2058
2261
2134
4274
834
2389
9642
203
4327
1418
5094
9660
4503
5587
4207
8994
5579
5134
328
4781
787
5183
7646
4994
6379
6883
4773
645
8947
1397
6668
8566
6108
3673
8373
8048
9927
5196
9667
8892
7062
4869
5809
6128
9539
5029
5866
7083
5329
5227
6792
9823
8433
9837
8342
8069
4076
6860
1232
6592
5756
4290
8511
2864
7438
7373
8031
5236
5931
4736
2085
5293
5664
3876
8841
2197
458
6853
9042
9806
4674
5127
524
3154
9148
8454
2673
9460
5706
6507
2634
293
7724
3443
5200
5683
3212
5066
8718
8090
1173
5381
57
3915
1656
4371
2690
2965
4789
1666
3324
1732
4401
1366
4097
4645
7313
1768
9394
8552
329
9986
8558
9616
3073
5523
8380
8528
6360
8751
2160
9482
2559
9951
5319
719
6552
2053
1102
9599
3322
5576
3710
3156
919
7370
386
5850
5643
5723
8420
9894
9653
3151
7825
9873
9846
4777
5506
2658
911
4562
2178
5641
4710
3869
8969
1170
2810
6854
6681
2708
8860
4971
7021
8783
2827
8559
1781
3990
9576
6878
2856
2506
243
9253
3348
8431
5922
9053
7499
9018
9805
9097
5169
1406
5602
1806
4759
793
7270
9901
6991
8202
7480
3794
826
8911
9989
9928
1925
8452
4157
308
3544
1685
8206
7162
9490
1839
1519
8329
8919
679
5224
8267
3080
7960
4692
6834
4881
8234
7111
2981
3156
5672
2297
3314
4842
3110
5109
6136
9941
9782
3416
9995
6102
3312
6399
2070
1915
5444
4207
5738
631
7755
1407
8628
8889
3086
3560
2079
8265
815
8290
499
969
9250
9715
4407
4867
6403
7795
4092
7158
1181
2262
1742
468
661
4120
8710
9940
5510
6420
1091
4964
4850
9977
1218
4584
3899
9037
4864
1367
2583
6495
3944
4488
987
8198
2329
9184
7954
1140
8048
6340
2495
863
8561
2939
3700
9306
7071
1396
3838
5463
6905
3385
981
7762
7896
1640
2100
8849
3369
1458
4882
588
8853
2148
6713
9519
3988
7484
2241
786
7183
3418
6710
1532
8583
709
905
3232
605
9970
4884
6022
6928
6662
2010
7118
185
3996
1714
9743
5773
2419
9393
8554
4274
5358
4416
2530
7726
2279
2742
6505
5694
1714
8954
8108
5451
8917
3558
7707
6940
5070
5379
5173
7164
7529
5576
8747
600
3541
9337
8124
1910
3028
3706
5952
4723
9607
5101
9409
5592
2816
8118
6266
5377
8670
7978
7850
1225
182
2563
4773
1102
4169
6449
9893
9396
5853
8530
7026
6493
8081
6880
3195
7416
7755
9363
6854
4656
8071
6166
4436
8113
1498
894
2807
725
5082
161
5810
1780
6644
7744
8899
1215
7664
8232
7073
7218
6300
6866
7825
6392
1829
6811
2583
381
52
2423
7302
5423
7708
7271
5237
1576
2795
8634
2710
6506
6821
5998
1728
4709
4512
9660
1681
6722
6231
6998
6021
4552
8501
8145
8828
8831
8374
9901
483
499
8138
6517
1247
4740
7868
8702
6554
7796
4666
7635
7969
7859
9067
9096
9407
9719
1096
3903
9038
9099
672
4769
3475
6679
9719
6439
2362
3698
6168
5469
8283
719
3301
8404
9000
8642
1398
2246
6502
6401
2469
9098
69
2878
3035
7673
8610
1539
4353
7911
913
5062
4273
1438
1114
3763
12
9751
710
6064
6496
4124
7710
1394
681
6028
8179
5954
8237
4555
5325
9598
5379
7814
6551
7696
5203
8540
9432
5310
4928
274
3461
2282
7658
9386
5567
6876
9901
9954
3939
2526
3962
3010
6455
6932
2560
9072
7158
5250
1531
3021
6664
9456
5306
3347
90
4083
9042
3609
9193
4494
694
2534
3756
7601
6142
605
922
6524
539
5223
224
45
9461
3551
6311
4949
4161
2020
1010
4318
6225
4139
1307
7674
8309
3711
63
9524
9245
8877
1823
1271
3793
3503
6986
7743
9580
6313
3736
3672
6370
4959
8664
7278
5665
1692
3811
7913
1932
9709
9956
2118
178
4381
3457
7863
8513
1556
6623
9814
8453
5926
9737
9437
176
6059
6145
2525
4730
9076
545
3268
302
7229
4610
8427
4994
649
3358
7302
4338
5388
318
3252
7753
3563
9486
318
4523
2847
7273
4140
6488
5913
8235
9813
1646
6461
4237
570
95
7427
7874
272
1369
8694
7484
9564
100
6146
2862
249
5155
1275
7954
4921
5937
712
9200
9290
8343
8049
5937
2673
2075
6070
2374
8134
400
6148
8967
7524
3286
2982
4748
8177
4898
7041
1103
7481
6840
4167
1875
8694
9259
1608
4219
6393
2928
2439
9592
2775
6790
5805
4529
6653
7075
8689
6357
5457
6064
6052
9947
6767
870
65
7697
40
5175
5915
6497
1016
9762
1193
2226
1036
917
8211
4400
961
9249
3809
1111
4769
5412
9118
7030
983
3215
2626
5422
1059
5243
3400
8383
2622
728
7818
8271
1999
612
2349
7242
4901
79
6948
1154
6280
4575
8546
8674
407
1352
1703
6409
61
4899
4036
6058
9306
1312
7289
220
7837
3554
1025
9279
6071
6902
4834
3049
9307
1410
6698
7269
6095
6143
9647
6943
691
8159
6266
5548
1969
7711
696
1616
1499
7
829
1943
1606
3003
9132
3703
211
172
9166
6132
2972
6957
6260
6144
4854
9729
5069
1194
2622
6434
3737
7062
6941
8853
4277
7807
7798
7439
1418
86
9767
967
7672
4293
4283
4976
656
510
4520
4866
9786
8130
4762
1826
3430
4220
190
2354
4254
7138
4910
5030
140
8790
5764
1401
294
966
6927
1382
1432
8665
5667
7403
6833
6072
2751
5696
1892
8847
1926
7549
3367
9848
1681
8168
5973
3996
9053
5854
9160
2052
9629
9589
8998
2360
102
8889
4893
4211
9726
5725
8593
6452
4881
4752
3343
172
6519
4634
4403
4881
3813
309
8219
3449
8476
3224
6441
2259
3396
4257
2744
9535
6027
1830
4920
6587
1753
6043
2076
3852
4874
8100
6927
6048
5258
3173
6187
8481
6786
3997
7780
9613
9688
1954
2295
3374
2620
2165
7424
8372
1907
9210
8438
161
4771
502
4724
7007
533
5017
2317
9264
8814
6183
4994
7329
6586
8969
1982
3461
6521
2952
8628
8271
7581
5056
7485
3547
5018
7946
1169
9284
1041
2652
5088
4293
9282
6873
7678
6513
5912
3684
8129
1344
7721
8800
6757
3697
2867
8500
1160
2215
3057
4361
2068
2193
6945
5487
6435
7067
3230
3667
1699
7042
8538
1968
4381
7418
9574
2707
8250
8482
1175
6426
2114
3445
1964
9531
4955
843
7089
4601
6645
3062
3173
4006
5723
3210
4057
4466
1845
8410
7173
7415
9434
8796
9458
7666
779
7957
8593
735
1349
2420
67
7430
7521
4835
3065
2816
6968
8006
8509
5493
5044
4608
690
2315
6222
531
9916
3091
8277
8121
7343
9629
8311
9314
4698
3542
3948
7596
1053
7641
69
2088
5943
6472
1306
6638
3168
2551
3191
1735
2422
6207
320
7322
6550
8596
8187
130
651
9389
6466
15
5521
2944
5396
5990
2018
9338
3694
4102
4775
9538
5932
6143
3425
7212
9681
284
6996
3199
7897
2145
2437
2494
9975
7603
1413
7763
5729
6630
410
7853
123
872
7990
4550
3013
6350
9572
5917
7390
6648
4523
9946
1637
1271
2544
7985
6182
8452
6320
3391
2612
1679
5258
7241
3737
4356
735
9561
6441
7687
6769
1484
5239
2636
1248
1045
3356
8068
1930
2923
9911
3639
8347
273
6297
7816
5394
5093
2213
8525
6917
2030
1980
6366
7950
9393
4735
8060
2363
304
7897
874
8630
6327
1901
7112
215
5785
5612
1472
8599
8950
6064
3026
6415
2788
3192
7926
5284
8590
113
8530
8033
6891
2135
9585
7724
5363
3186
2346
6622
7090
6640
3065
6621
8524
8588
3162
8955
8744
5578
4554
5060
4210
5517
5135
2353
6106
4
6178
8386
584
8706
5589
4350
5730
1566
8321
4207
2947
2573
8066
8902
4542
9678
2326
5996
3841
8984
6403
3884
8859
7782
481
6281
5691
239
7986
7084
3163
1566
2718
7887
6014
1363
6863
445
9884
4493
1925
4217
7745
8327
9865
4743
4029
8481
2292
2036
9718
1283
1406
9480
8893
99
7603
2749
4834
4421
5117
5166
1695
5107
8892
637
5954
6551
3005
7752
378
6729
3374
9040
2078
9011
5255
7427
5398
5473
9055
7948
9809
9994
6389
6503
2780
874
1965
8993
7688
6916
5907
3627
7216
7993
5387
6302
3397
901
4101
4033
6519
4054
3032
4207
6394
0
6184
8064
1202
3024
552
5271
1019
253
419
2701
5483
8537
2315
4613
7587
6168
8394
3306
8498
7974
2856
9012
1547
4750
8121
5329
7013
3081
4908
1766
3199
9661
3113
8182
3426
4948
8440
6766
3047
4620
3107
6027
5348
3728
7614
7801
306
7639
4602
2689
5549
5927
5063
1518
4611
214
1867
431
3560
4628
5419
5058
3458
8041
1584
4811
2719
496
2496
1828
431
2397
6804
352
8955
3910
7048
1368
1733
3750
8360
4249
91
1099
4512
1829
1089
1729
4414
7841
6958
9585
4645
5997
5521
8038
1294
8073
121
846
7484
4376
7081
1426
1302
3674
8472
492
2533
1270
8033
6303
5628
3281
8536
8850
581
2376
9565
9120
3067
5236
5711
7283
93
4839
6537
9093
7669
1273
1289
8105
2558
3263
3330
2401
1026
8836
1513
8445
3730
7633
8316
1421
7314
9242
7473
905
162
1656
7001
3151
1799
1426
7127
6365
2953
2460
6366
3367
5934
3480
3232
6798
3129
5167
5465
5669
4737
6735
3482
8426
5550
8278
9800
6972
4602
9589
1636
8087
789
8382
9524
3581
2206
823
924
8154
6863
5133
4001
4421
7683
4622
3533
7861
5264
0
7775
544
7724
2039
2437
1392
8169
4749
5480
2508
6768
6116
4387
5570
6278
8137
5719
9727
6948
401
5335
2522
9162
1800
6478
8400
9958
3067
2080
5139
2563
8801
7089
7106
6507
1392
6436
5721
9534
832
4289
1688
1510
3791
699
619
4862
2521
2418
3515
5700
9158
5709
6258
4658
3852
299
7717
6816
5719
5296
4377
5547
4144
9817
515
6028
4137
3396
6832
374
3587
3771
7220
7761
2096
2627
2832
9821
801
2996
5035
3597
83
5615
3942
1877
7399
5339
7229
3402
598
2864
4717
3540
3029
1494
7810
9352
5522
3440
9305
1706
6870
5242
8284
1021
8862
7289
6891
2620
4064
8154
605
2184
4611
449
1308
1832
8050
1272
2924
2521
1932
6959
2689
9056
2292
8813
7225
9865
2415
3758
1498
4853
7362
1459
469
1172
6612
7349
7800
8543
1868
9220
3322
2861
9595
3531
1116
9281
8185
6477
3096
3713
7745
3976
8706
4686
6498
4180
9984
5969
1517
5956
2665
3947
3089
6782
8199
2803
1394
3990
8632
4830
1388
3931
6118
2830
6764
4713
1521
6485
6735
9464
2036
4822
9944
8754
6062
2476
8346
2740
4618
8278
76
5908
2578
941
4449
9845
9672
8031
4120
2393
773
1308
9069
4729
7323
3546
4686
1485
6941
9465
1450
2784
6206
6072
6907
1314
2422
5816
1569
1928
3767
9321
9094
6115
3648
3118
7742
8719
4287
1828
4404
9717
6663
3527
4780
9550
8714
1658
3232
2569
1433
6768
3681
9442
2923
6633
8570
6074
3813
3828
6329
3504
3486
5733
9051
553
5536
3102
1190
8579
2575
9834
6902
5581
5045
8399
8457
5117
6076
2462
537
4034
4547
724
5652
1822
1541
3701
4017
3593
1129
8244
7125
8100
5053
2956
8108
2031
2283
1367
3463
1868
8631
8691
149
5035
8706
2325
9260
2729
2257
5845
2465
7891
9712
1202
240
3096
7132
4065
1565
4786
9111
2796
3189
2257
9276
2435
2822
2040
1919
1247
4707
965
5052
8854
7891
4044
4723
1837
7218
6552
2726
4734
4573
3203
5095
1877
3240
1142
6670
8179
1355
7661
7857
5096
1387
7964
3301
1315
1362
3111
8588
6443
70
3352
359
9920
2935
7464
7204
6726
7383
4413
3629
6042
6570
9680
6972
8983
8154
4960
7708
6739
438
6543
6801
1027
1621
4706
9911
4639
9218
3666
7169
1041
5721
9277
8932
8451
3475
9523
2538
5685
6481
1086
2346
4117
9282
3794
5600
2580
3457
3591
9565
9751
363
3806
1216
1622
4725
3997
9345
46
7420
5371
388
2011
7383
1925
3447
8290
1935
6797
7130
4436
2059
4087
546
6685
4118
7371
3582
305
2374
7525
7002
8103
7266
4099
1205
2452
2872
6427
3595
4964
3244
2993
8441
4223
1356
76
9800
3390
6310
3690
7655
6368
4137
1966
9744
3306
5024
8702
6738
3638
5158
2629
6410
7642
4457
1074
3199
5509
2469
1202
3215
6314
3426
6746
1117
7957
8037
3279
4544
3132
3997
411
3797
5674
9359
5091
9362
6308
2958
6144
7478
6659
3862
6549
4486
5740
7506
6617
3945
3594
9560
8179
6628
2703
9880
7156
2411
8912
7956
9513
4816
148
8138
3454
3492
2983
7645
8950
7279
4249
2841
4225
663
7312
9617
7638
9416
371
1837
2577
7006
7196
7725
2418
1936
9120
7906
2403
7644
714
292
5357
774
647
6458
8576
676
3492
1337
9930
2892
7852
3029
2244
1980
1160
2410
6366
4561
1680
2808
4989
1751
3883
8482
1212
1220
4138
6905
8181
3088
9923
3900
8651
523
7231
2597
6278
5523
7607
6851
3619
2671
8462
7270
5377
8811
7642
3349
9238
4632
6059
8303
809
4849
183
4186
3636
7353
9605
3590
52
8076
3556
842
3668
7552
4222
9955
9777
7200
4076
8830
5588
8215
8984
9173
8283
3601
8845
9451
5207
4377
2717
3823
7137
4269
5967
3428
2584
3302
2850
7701
8294
9630
9078
2407
8773
664
5483
8027
5490
9099
5619
6793
4687
6813
7338
9163
1203
9724
751
911
4595
9757
2750
66
2955
5767
1342
8940
9309
3938
1370
217
5262
9573
6928
7636
6595
6402
4739
1242
6013
6589
7068
4283
8836
4494
2402
3950
8564
9860
7000
875
505
1638
718
3022
3340
1884
6024
7992
471
340
35
4068
5234
4155
5519
4354
6692
3991
8401
296
5595
7257
6002
521
3315
1588
2462
8488
87
6855
5157
7721
2737
1957
8712
6557
6207
3439
1235
5292
7666
6602
782
7351
6770
6163
8750
2687
713
2761
888
5996
8121
3652
5877
4553
1553
782
6154
445
4384
7097
5461
9833
4209
2419
2935
7503
1532
3523
4077
8387
9480
9142
4812
9040
7565
9550
6020
1091
69
2081
2446
5596
7587
8530
1664
1903
8422
7676
5920
7152
5067
6381
2093
2873
9865
5668
2761
3247
3077
3994
4424
5567
6022
8508
7290
7197
1799
6548
4730
4879
6095
3794
9477
1635
1083
2601
7985
3723
6030
3840
3947
5082
9349
8281
6931
9559
8100
8977
2320
1811
2624
4471
4303
6257
5965
3682
4540
9691
9991
7290
5301
7245
2721
7144
7356
3272
4264
4765
9745
8441
2004
2371
618
1804
9149
5017
5813
1942
4668
422
4563
4452
6702
3827
9780
3928
6092
8887
3742
7407
1360
1926
8676
2788
1632
6211
5753
128
9338
4867
5268
5917
289
5947
5460
444
4693
827
7294
6176
9102
7565
7837
740
5815
4185
5348
1488
3332
2898
5128
9955
8666
5245
6337
3540
9936
9839
6458
8621
5538
8932
1933
4086
4434
7389
588
6654
619
7830
3908
9801
3631
8643
4957
6150
6169
7410
804
9186
9303
844
6686
3894
5576
3795
2811
7488
337
4074
3703
808
2100
6913
4304
8112
3389
2712
6656
8072
4580
4404
5925
1512
4592
6242
4774
2153
3902
4105
640
5019
7356
8516
1348
3432
6507
5496
678
9605
3788
7086
6982
5714
3747
2937
4773
2043
9787
6685
1303
6285
8350
6047
7615
3436
6351
3479
6257
8794
1814
5103
5927
7617
2110
9176
6693
3649
8988
1769
8083
5369
4666
6612
6376
3183
8662
8042
6686
2950
746
888
99
1292
1425
8752
6003
5909
7714
2686
5054
9792
8592
5465
8698
1661
1497
2859
7144
6203
8507
2146
8750
6792
8439
9876
373
203
8971
5433
9983
7589
1148
4263
9990
8465
7123
4873
2134
4751
848
6594
2573
120
544
969
8835
5767
1302
8182
8665
7548
5869
1393
4482
944
1827
6033
6190
9751
3717
8212
9334
1547
9439
6180
5256
8015
1200
1494
4825
1041
2692
2010
7548
6093
5820
7108
3452
2902
2205
6655
5954
9643
7048
9129
179
981
5467
1088
2600
2133
4342
9636
4767
889
5919
1988
5944
6954
2935
1298
6934
3390
8878
5998
119
7962
1148
584
8776
3271
9320
9477
2148
3168
5538
1949
1345
9664
9087
5337
5247
8813
2665
5850
4809
6311
3529
1068
8824
3558
8751
5941
4115
2720
143
4567
8391
4996
1055
3298
4543
9724
4239
6856
1013
3234
7211
8033
4096
5397
9164
3295
4474
8760
1357
1138
2121
9795
1142
7399
835
4327
8308
1915
6075
9539
1247
3847
7525
3070
9603
8851
870
5660
9568
9803
1645
7598
7668
4276
7674
735
9095
6128
5643
7281
6925
5661
1626
3753
9360
2607
5030
3452
3112
8917
342
3715
2388
3773
1292
4755
4615
1532
7648
5417
5974
4448
5667
7375
2093
5899
9452
3424
1860
6585
1958
7360
5188
5710
1152
2678
8801
1525
9025
4776
7612
727
8512
6749
3119
4264
6155
1909
4399
7813
6425
7181
1724
8841
6927
252
7605
8576
2449
9919
5187
6427
9784
3496
9253
6443
4562
7297
889
248
5949
6257
2811
8562
5025
6558
8764
3910
7842
758
6982
350
4787
8384
4720
2262
3692
6198
8114
3045
5333
1414
9224
6365
6478
8040
0
7130
7389
1222
1144
6690
7883
6930
2365
6963
8410
4741
9334
1147
413
9487
1838
4466
3249
3603
7051
7026
3348
5681
1675
2231
4937
2360
6700
8483
699
36
9051
8899
4974
95
4980
3645
1817
6373
1188
2149
5054
6362
942
7942
7835
8330
4111
7153
4635
4960
2027
2789
9597
377
336
869
1267
1500
5591
1180
5238
6552
4259
4982
3097
3246
5987
4335
8089
6664
6554
2893
5458
2221
9718
5979
8057
2157
1353
8566
5963
5029
3718
3357
2155
6385
2497
7614
5007
5386
4287
6589
2343
6529
7677
3451
1111
7837
6729
474
1341
6852
1705
3891
2998
3631
8230
5332
9576
5556
2742
6013
2834
2225
9002
5990
8946
9941
7765
9669
7538
4410
9259
521
1533
7107
6045
2474
7582
5517
2033
2821
3955
9912
1946
1632
5181
9692
4394
5651
515
432
822
452
6311
8715
2102
3212
804
5629
4302
9899
3441
1328
5224
4888
9924
2471
3762
8048
8420
1569
4775
4239
2012
2213
3259
2763
7414
7071
2894
9844
193
6084
5718
5482
2309
812
1625
7111
8663
7093
8679
6453
5506
2281
7812
2641
5056
5185
8368
4252
7515
6560
4180
5249
3732
5479
3397
4961
9252
2270
9096
261
3194
1801
1877
8845
3475
1877
106
6156
3266
251
8235
4880
2247
329
8730
5194
207
33
8520
5984
9868
497
6605
2088
423
1253
5495
304
3168
6406
5466
7367
5948
1943
7290
6410
3577
7721
6050
4495
7349
9009
5925
2751
7907
1466
3431
2364
2218
350
4475
4210
7234
9469
8836
7266
9925
7856
4168
1135
5804
2489
483
936
5794
3536
5221
8674
4386
4504
8470
3762
349
3475
7677
6775
4972
3157
1275
4797
1822
6871
1062
3705
6247
4807
3875
2624
2570
9856
4119
8437
1739
5189
58
3719
2557
6353
8435
9753
5062
9135
3931
7390
5591
667
2243
2424
9176
5352
8201
8901
6455
9059
3167
3302
9063
4725
9233
4886
9608
29
1238
2698
9742
3121
1448
7640
2620
5509
5933
8879
4039
2174
6086
7412
0
7727
3553
6045
7016
4020
1890
4281
5589
8948
3706
8627
6491
8475
7719
3720
4176
3816
6208
7280
1539
3613
9673
2465
5493
6541
2169
4391
3407
3228
7725
3771
6279
7642
5569
9484
5755
7169
9429
3662
8545
7479
4109
7356
3625
3000
735
2293
4729
6294
611
4292
3061
9984
6433
6991
2893
3003
8788
230
5801
8860
5308
6120
7625
7446
9642
7205
5940
3375
7484
5332
4821
3338
7292
6947
7984
2078
4060
327
998
1635
5525
2956
8217
1325
1522
2726
306
6548
8851
4933
3783
2981
6009
8141
4913
8937
4358
5904
6404
2805
4958
8064
6914
4295
3144
4889
146
7978
6151
9658
2430
5068
2636
475
5147
4759
6743
68
1067
9522
3566
3130
1729
9751
7262
4338
6400
1893
7896
6634
1782
744
8158
8554
5640
1042
6494
1450
6878
5607
8925
2292
9138
7346
7832
5406
4982
237
2330
6991
2929
47
1510
9535
208
8989
8792
9354
9921
9779
2885
9423
2517
3617
8470
1349
7956
3527
7604
4913
6777
9163
1056
956
5353
1705
7315
3526
3104
7795
5854
226
7136
9608
365
5441
2876
4060
7165
9771
7583
7967
3749
391
7369
7521
2512
1280
7286
9798
5133
9328
8401
1283
3759
2164
5363
3325
6199
6204
2906
7343
3652
8936
9995
3150
1142
7712
5852
2283
2825
8420
2967
4442
6567
1370
8431
9243
4810
8393
6340
7338
1625
4753
906
4693
9089
1769
1963
1301
9616
1266
2053
930
4729
910
6951
1653
4911
284
9609
7830
9633
1189
824
3020
1427
2025
8630
9792
2959
5384
2437
6900
1485
9993
7174
6362
731
3015
7405
3096
6320
6367
1241
7526
7186
1229
9152
7227
2032
8149
3357
7130
6915
6323
9267
9055
7272
4469
1744
418
5292
7523
5326
8849
1457
7856
9460
4150
7280
7104
6845
1514
4788
4862
5454
296
7129
3463
2530
703
3878
3860
1923
6762
3995
6239
4479
7661
9264
388
4906
1142
1042
5095
7511
2001
3601
2885
7517
5957
8051
6244
4287
4153
1824
4171
7730
6373
88
3343
9367
1714
7067
6514
5143
3860
7240
1827
7899
4416
8629
654
3621
1781
3011
8323
7074
4954
777
1608
9232
1377
1353
9209
1033
5374
3667
6648
5415
9137
4927
4945
2371
1285
192
3258
9744
9012
9603
9259
5926
8579
5015
7447
9266
5469
2738
4807
2991
9932
4614
5283
3768
5844
5287
9395
6626
765
9586
2957
8923
2987
274
9373
1246
6923
3043
3271
3727
1664
2659
9295
2116
8804
1345
8879
9109
4690
8160
9450
2961
9124
6000
5141
7185
7285
1040
5378
2307
4096
7995
7931
3003
620
3419
5941
1764
206
8345
4268
3252
8013
1150
9089
1875
1349
1167
6102
8816
9795
3782
6895
3724
3516
8053
127
591
5274
8668
3967
6950
6791
5046
8950
487
2801
1745
5849
7341
6864
5980
1489
2027
1417
23
6498
9660
791
8512
2937
7455
38
3339
6450
3888
4231
1600
7149
763
2673
5396
5766
5519
9887
5734
6805
8558
645
6634
8373
3105
9375
9715
9195
3187
5284
3974
6886
8676
3242
248
7988
5014
7085
4967
9525
9244
6371
3156
3820
3291
9790
6402
3227
10
8496
7509
9068
7512
388
9892
9540
2469
2048
6436
4662
3683
8484
9488
2430
3073
2056
928
9264
2407
1059
8866
9562
598
5350
5407
3701
8208
1031
8112
1206
2898
8769
6370
5965
2009
662
2656
3316
6206
8610
7870
4673
1165
3243
9380
3931
2641
6045
148
1298
3982
9049
7467
4467
4081
5735
182
4046
8126
4039
3990
23
3089
7360
5473
8737
4838
2274
6813
5278
4020
2302
4819
4515
3365
5541
9834
5115
10
195
2399
4759
2536
6147
8096
1540
3985
2580
3935
6049
8872
1358
2826
1015
4362
3384
6232
520
3178
478
8922
8806
8613
8454
3884
9471
9987
8019
9947
9446
347
8871
9422
8585
6817
8964
8143
4908
8071
5269
5723
7583
2621
4577
9532
4595
6319
2887
1928
9701
7354
9752
6622
3760
2268
9584
6696
8818
7086
5375
3769
9427
3550
1538
5061
4590
1545
1663
2727
5457
5407
3850
7685
8447
3529
978
8431
810
7833
5805
3805
5801
2102
1075
7550
7658
5910
2983
1647
2315
3957
2266
4841
8410
8952
967
2613
4588
9907
4480
4859
3263
6673
7874
8019
8112
5874
2692
9047
2392
2994
5426
9677
7834
320
1697
762
9367
688
797
8111
9199
2516
3707
3243
4898
2513
3955
4685
12
8582
4751
8113
2523
6999
7734
6461
5959
4685
8344
4398
321
9552
356
5036
5181
9337
7419
640
5274
2038
2623
3181
9687
9188
7973
5127
9360
6514
4531
5551
4031
5239
437
1790
8988
1278
8502
2266
4032
8878
7210
1783
1878
9875
8976
6647
956
9669
7369
3317
7976
6265
592
893
8959
9291
2000
4766
3530
1766
9674
5996
6173
8553
6149
8582
9896
1989
6267
4683
2273
6893
5859
6077
1202
4387
6416
8656
7879
6279
1274
5589
7456
9606
6959
3953
3657
3920
9281
9085
2217
2293
7524
679
9442
715
1674
4741
6398
9521
6970
5933
6272
4827
7310
5523
2348
7515
4004
1196
6642
2333
9237
6329
4770
9810
4192
7970
879
9331
273
4714
7609
2541
8093
7979
9937
2435
3002
2743
8495
5000
7749
6695
7510
7066
2680
19
4843
6144
1240
1484
6780
5468
4013
409
8222
204
7554
8181
9674
8828
5290
7517
6086
7068
6482
2357
8969
461
5845
6454
2469
5600
771
4073
6103
9428
5334
1910
1742
558
253
7432
39
6544
5783
5106
2052
6269
199
8683
5036
7147
9910
4645
7519
2745
8589
9198
7685
7582
1673
8799
811
2376
9567
2084
6045
4789
7537
9281
185
7886
2765
3744
6243
908
9432
9031
7613
4711
752
4157
4396
7338
2874
9066
7081
3451
9327
2177
4184
5144
6228
1925
4657
580
7883
4633
2952
1221
9602
1748
4453
8058
9556
524
1670
2151
4320
3535
7057
5036
3403
4099
6617
157
6480
6613
9551
7272
3333
3103
3136
8051
560
9865
8719
2484
1003
989
4310
2628
1545
8745
1529
2243
2425
4376
9913
8372
6562
6627
9511
3616
495
9547
3490
5938
9493
5522
6125
6199
8182
4277
7901
2283
4541
3711
8713
2708
9593
3769
2213
1880
7226
322
9145
3798
8651
2012
5257
934
3801
9394
9764
268
7605
2316
3727
8995
2541
8474
3719
8319
102
3345
5151
4900
2902
9272
1296
6033
6042
9412
8612
6447
1012
427
6352
1719
7962
6350
8539
5723
2483
4914
9447
7321
1140
6716
9453
4491
6011
7138
6774
2524
2181
651
1988
6557
3750
7247
6490
7730
3296
1161
3058
6536
6916
2705
6563
6587
1991
5123
5527
6913
7632
9669
714
1194
8418
3787
5206
7830
458
9207
1568
5693
5090
9089
5557
6510
9596
5886
2624
6382
6194
4536
2945
5722
256
8786
3119
9012
6242
1977
7780
3221
5130
7470
2419
6461
264
8029
9422
6544
9497
7944
3020
2407
285
6461
5177
126
885
6158
3756
9200
5314
5319
6254
4086
1799
9075
7341
588
4555
80
6025
6665
6487
5862
8809
2431
6087
6624
8438
4673
5213
4220
3993
7128
5726
327
6949
8893
2012
9417
9611
9855
3300
30
6800
3847
4416
6045
9090
7326
6064
8221
6020
3833
6118
5048
696
2214
1480
1173
2983
9649
6049
1056
7108
8912
4090
5355
883
2934
9853
7569
8011
8792
3710
8902
1973
7501
2229
27
9822
5619
4664
9416
6928
9631
1118
9302
9141
4295
8297
1915
7168
1689
7218
665
9044
8595
3480
3186
509
6007
4794
5735
9803
6055
2346
1367
2982
8450
2264
7498
8142
676
973
2013
2183
3553
3540
887
1639
6609
7250
4463
9987
5667
3598
3990
7350
8497
644
4773
5005
3028
4249
7419
6295
6611
1098
4025
7601
4145
8599
1879
7867
7473
6793
3290
2858
8432
5168
6465
795
3111
2990
9030
9307
5512
5130
2749
9746
4616
6678
5246
3812
69
8687
2178
9188
8171
4275
1134
5415
1709
9018
6821
8575
4207
2075
5564
3539
1709
4791
6021
5509
2848
1698
2159
8363
1083
4725
3974
5936
1327
5254
1262
3752
6871
166
5777
3003
1512
7453
7576
5558
6083
4157
1996
8667
8229
4380
4791
691
9183
7983
4277
4659
1531
1172
947
4753
7558
8658
7051
1907
8575
3317
852
8647
1860
3342
2868
18
3298
8802
4347
6964
655
9155
1389
924
4507
846
1674
3526
1278
9374
4601
3280
5609
3418
9775
1930
7319
9473
3263
6742
1583
4306
5787
1444
9649
9012
2146
7695
1404
2932
6526
1105
397
7811
4091
557
6561
2643
5260
7374
1800
7427
5433
1247
8841
9731
9545
3197
4336
1382
7829
1927
3035
3870
6421
8823
1051
127
4022
8617
2740
7223
3761
7239
7496
9223
7586
5773
9917
1946
9049
9552
9196
1715
9195
4454
1366
8292
9394
8204
1051
8161
4448
3152
7782
8071
9049
8331
5588
322
785
2913
3569
675
3243
156
9495
6949
3546
826
8052
1390
9596
7735
318
2693
3710
8499
1277
4247
937
1939
7761
3560
2336
4621
41
4108
5761
7985
6503
4942
9265
3195
2334
5230
5184
414
9922
652
6118
1573
844
6034
7612
820
6675
3975
6113
4868
8694
2301
4980
6221
4511
4192
5770
5860
3084
3521
6792
8405
8265
4566
6012
1987
4973
9625
801
7093
1429
250
2720
3533
5510
7830
1572
2297
3200
7111
9274
9607
2336
1803
766
3700
5466
4944
6129
1022
1443
7908
5380
7424
6586
1034
4945
1659
2752
5722
2787
3034
1420
2568
7325
2444
70
2577
3813
6124
9507
8861
709
4514
8590
4335
7687
4342
5809
6868
6434
692
5603
7138
5116
7211
922
5967
7528
6854
2576
7344
8296
2582
198
491
6261
7316
9276
9390
9144
5087
3653
971
3998
814
3089
3800
9526
4433
1115
7590
8387
6196
9201
63
9799
3890
9490
1804
5436
9425
9820
1619
4420
1833
1585
4607
6494
5994
3073
2662
5944
1677
8390
2444
2699
5345
4778
9008
1178
8065
9242
4204
1918
6409
8724
7731
5791
9657
6774
5311
5718
5866
3647
2813
6162
1377
6069
7366
6423
3209
7538
6524
9768
1454
9935
4324
6769
9235
2493
8767
7877
1137
4715
8674
7217
7058
5705
9098
6865
7405
3538
3623
8464
7238
4829
8671
6923
1541
6433
9725
9171
1135
8333
1813
9451
8916
9224
6963
1474
9089
4026
9469
6932
7843
5607
5737
9287
2531
1417
9245
1569
7834
9328
2758
6971
1606
6074
9255
1474
137
5889
300
8375
2448
6646
5527
5709
5874
5675
9802
8807
668
7703
5179
1948
9669
2930
3300
4973
181
4077
85
3065
9078
7495
8646
411
8970
4845
8278
1438
2701
8716
7012
6476
5884
7645
2798
2247
2315
3440
3644
1409
5067
6456
219
9558
6890
2512
5343
2510
7136
8539
3577
1496
8820
2691
657
8990
8696
8682
6946
3267
5240
3393
1250
5513
4290
1420
1347
9355
9772
177
5429
8975
7403
4389
4260
8655
2559
9390
7316
3562
9606
8492
7445
8832
8913
888
7621
1626
9447
3026
294
8720
9477
8232
4503
412
5187
6433
8447
23
7198
8298
5511
7179
7995
5858
9911
2112
9001
4690
4046
7764
4687
1160
3384
6227
2499
1883
6358
6103
1615
1540
6023
7846
595
9518
7529
4774
3822
5465
394
8530
9328
8739
7431
9086
6042
7040
2805
1017
6814
5010
127
9762
4665
4491
7775
3868
3624
4311
2701
1746
2253
8929
5843
4456
7474
2138
1993
9175
8726
4062
4460
1562
7553
7211
197
9069
5808
5
4183
1399
6356
4310
2830
8755
3830
6865
4899
3335
9366
3151
5023
4579
2506
6271
9302
4104
5449
2718
4618
1948
9772
1485
3361
1804
3289
2965
3052
9224
5303
9285
5988
3460
1743
8293
7500
533
7777
9285
2648
2448
4448
9739
262
5000
7543
8829
134
4568
1542
5260
3844
2478
8732
4152
2221
4051
3843
49
2757
8288
7463
956
8449
3298
7339
1293
5456
2023
5218
75
741
2625
8353
4280
2442
7937
8991
6377
5086
8824
2211
9274
8969
6991
2329
1592
8029
3808
785
1072
3362
3053
3836
4200
174
7138
6758
5654
4390
8325
2279
2077
1433
8734
4954
849
3707
5525
9862
6024
5268
532
3592
413
1807
6850
7798
4886
1611
8393
816
3457
8482
2282
759
5382
727
8064
4349
3621
1270
2260
9317
2350
2731
1448
4625
4907
7840
2262
1988
7536
9980
2004
4249
3607
830
9338
944
7620
2083
546
9138
8208
6075
3126
8038
4623
5731
5241
9195
1721
7739
6399
223
4367
4104
2094
8861
3315
6289
2681
5950
1155
3058
4690
410
8702
7824
957
6692
9328
3821
4521
5324
1166
5712
42
141
4868
4443
5649
1609
7649
8016
7619
4223
2710
4700
11
7402
6833
6695
1514
3514
7925
1704
2156
3717
8590
7043
3213
2152
1441
5921
4705
1682
6765
8358
6203
9863
3465
9847
8307
2123
9655
9296
4132
197
271
4055
2402
7847
5139
3914
6357
2558
2513
7832
5560
1468
9847
6850
912
2168
5733
4163
6708
4129
4303
8644
7422
4523
6230
1247
1008
2984
8423
4652
5031
3470
7944
5307
6688
7774
4334
3547
2841
4505
8528
1902
1632
9360
5865
3874
2944
7381
5270
5472
975
5562
6687
9643
8562
4633
4025
9341
9537
2153
1462
8430
2332
5134
6829
909
5363
9360
6952
7958
2291
4258
6353
9255
3152
6736
2488
9657
5585
4780
7857
4883
8882
1721
1707
149
2453
5091
1826
3824
9412
9789
9985
4158
5512
3844
2923
844
3342
6504
4475
4811
1896
2626
3453
8958
1927
4327
6147
9808
8275
764
1986
5004
1350
9560
5785
4444
1309
8853
300
3468
106
7257
8301
4937
8551
129
4319
3334
7819
4437
2333
8080
7374
1261
7209
5136
4274
4496
4496
5652
1921
6694
5277
7974
9937
8124
241
4582
645
3123
9869
8710
1769
8606
5691
6350
9477
3197
909
8056
622
1849
7422
1592
8142
84
236
810
8995
3984
9544
8376
9677
6953
5435
9936
451
1903
49
5161
5692
8024
7296
6742
4473
4578
802
1857
2401
245
6570
1854
3063
5506
8113
5033
4974
7222
8203
4239
7854
9152
3292
5688
247
9500
3693
7989
9045
6715
5100
597
312
7793
4742
9099
9923
9090
8521
697
2058
8260
3874
6950
3291
7368
6757
2493
174
1438
162
7754
8561
3729
5866
959
3664
8930
755
9658
831
8069
3961
4901
8415
4453
1349
1744
5700
8239
9372
8286
856
8330
1274
1661
6149
4210
4698
3476
237
7059
1361
9100
246
9047
6154
4876
9588
2027
5249
4852
972
2035
133
3956
7876
3996
7305
7659
1979
1788
1392
9124
8407
2452
2808
3607
5527
9737
9784
6434
1021
1416
8573
5269
1436
6800
4938
9598
8099
5821
4673
333
8293
8609
810
289
6949
5066
424
1932
761
7163
4517
2188
3576
2831
296
5428
9211
9211
6375
4788
5405
4763
7919
8840
539
4271
533
5399
2980
8148
8842
6670
1385
7594
8142
347
3185
145
5211
9343
7604
5947
7470
8834
9016
3695
8033
2996
6244
6560
7850
5456
3464
2723
5184
6819
8821
2092
6914
9820
7515
707
5833
7713
7200
6955
2997
4274
4845
9223
4440
4458
5850
2876
7144
3205
8214
5597
9991
6123
6769
4007
1625
9878
5128
1209
8644
1972
5881
4475
4361
9321
2778
4606
436
2549
2169
3698
1211
8188
4820
5995
3221
4206
3352
7330
487
5117
5028
2226
9514
1784
4396
4181
6651
7542
5352
3859
4390
6669
7633
1966
2586
3435
8421
8435
5097
9960
5788
7232
2356
8951
7044
6529
5575
2978
1703
7329
8882
5474
5730
9706
1517
9819
1044
4742
3436
2005
1779
1970
4144
9216
6782
6682
6371
1407
5971
8811
3371
5401
6737
5247
1000
1449
5412
455
3509
209
7964
6026
5042
4158
3547
8410
7176
1154
4298
5498
6546
9423
4907
6925
5584
2700
5806
63
3701
1356
4617
3438
5864
447
1475
2073
462
8365
5194
4644
8582
465
8899
703
2388
437
5700
7265
1139
8507
7267
8021
9618
9577
759
5130
5172
6317
2430
3106
6401
1922
9499
6664
8681
4764
5345
9555
9074
2458
6953
9391
5984
6037
7693
4263
6930
5858
2951
554
1209
9609
933
7774
2872
9395
6041
5440
3467
9218
7607
9117
3271
6414
2506
7538
4378
573
6180
427
8943
1331
2961
7099
1101
2022
3187
9225
1663
9653
1634
7228
551
2910
9002
8720
3114
8978
5818
9096
2953
6846
6000
8954
5714
9460
5558
365
5402
9607
403
4165
7207
4714
6110
3452
8593
3914
1605
4220
3439
6638
8206
2713
2385
5794
5265
452
6253
129
3669
2152
8359
9769
8952
8767
5883
6163
6405
7763
45
2581
1632
5376
9796
4238
1337
1108
3967
7692
782
2982
2364
7612
6284
3211
7185
5294
3446
7801
2308
7370
4363
410
9483
5024
9974
249
7304
3746
6916
6224
886
1147
1784
4653
7694
5705
9532
5870
7643
2410
6896
5843
3673
2260
6182
2511
2374
1302
9555
2964
2915
1481
9017
6849
6515
9950
2715
3370
8019
5701
3865
4162
5742
2365
4680
1949
5696
3870
3960
5377
1532
5276
3691
3730
2119
4548
6960
1296
4523
2283
6747
120
1344
5511
2771
1561
7854
8528
1446
1633
6214
8447
2227
2478
1114
5659
2144
2447
3668
9712
9170
281
8103
9254
4209
4653
8857
631
957
8946
4049
3487
2669
2548
4999
3313
4942
4176
436
221
4038
9810
8359
475
970
7611
8132
2286
2612
4927
309
214
2420
7924
1966
3140
5018
2707
833
9246
839
7852
2410
7665
9318
2246
436
566
1702
8799
2553
1307
7438
4189
9842
3995
1341
7099
1007
7292
2229
2637
9408
630
7584
8531
3928
4153
2940
9558
2659
4620
9134
212
1804
8278
5393
2054
870
8297
1235
1443
9178
8719
5650
5317
8102
9096
7662
7632
7974
3981
8460
6662
8606
9270
1577
3883
7580
3028
4280
8447
1006
1864
281
7345
7365
5214
1148
269
6181
8916
1411
9949
9785
6387
212
3245
8263
388
618
5610
4741
877
6188
1791
656
4773
3260
8498
8360
1597
6553
675
1489
4875
5157
1498
1864
2995
5746
7763
5432
4731
9942
6437
8673
4070
3174
5273
1273
6156
3048
202
438
1181
6319
4887
7178
5874
4867
3321
5132
2879
2716
4596
8045
6737
8136
149
2898
1496
7112
7611
1870
8979
7060
2220
7784
8696
2581
6192
4533
10
8237
8895
6058
4741
6887
5760
4925
3692
5916
1894
4251
3671
7893
7124
4825
2624
6617
2814
2598
9153
4290
7198
442
9351
674
5243
2032
8202
445
1030
5036
5033
711
5563
5414
2514
6655
530
4539
6496
9622
9049
6142
9633
8605
7715
574
5194
3068
357
9816
8681
2290
2846
7800
4016
4035
16
7119
7867
3225
295
5003
438
9517
1013
8577
3524
1222
7500
1814
6985
1821
2083
4367
2878
4499
4864
5517
2497
9567
6794
4831
5282
9445
6931
4818
146
5913
43
9862
9155
4813
7718
11
709
4027
6044
7829
4330
1622
5524
1451
2063
2378
4438
7202
2053
2574
5101
748
8369
4850
3600
6541
7361
7269
7504
1593
4942
3251
2754
1014
1052
2002
502
9635
7259
2219
7007
6109
985
5429
4877
3321
5110
9105
1892
1706
4937
3912
4484
105
5336
3840
6515
2160
9736
2802
406
4958
9162
6337
6939
582
3898
2469
2060
581
2580
1475
3861
7958
3502
366
623
1225
767
4184
1227
293
3524
2909
2595
4564
14
9695
4852
9419
9356
3468
3888
8496
3143
6469
2675
5655
5735
5255
7263
2314
6885
1866
726
2969
2816
399
8482
4153
2199
3072
1425
9807
1609
8995
9030
9122
1007
8349
3304
1261
3508
4430
5737
5045
5327
6122
3762
727
1137
3744
184
5205
7269
1948
8940
1734
247
4348
3209
44
880
5924
7336
3093
4879
874
2398
2180
9310
5554
6248
3036
532
8441
2887
1708
3288
1610
2654
510
2549
1136
4339
1156
9354
7050
2623
4288
9458
6987
9446
2042
8864
1510
5873
3067
3499
3241
1810
7423
1211
6414
4555
2204
3037
8197
3538
7364
7255
8257
7885
5266
4129
8430
5435
6737
1441
68
6723
1062
931
2650
5111
7265
3564
3623
4682
9291
7201
6018
879
8215
3685
7436
4893
526
3610
1194
1784
2680
6139
8062
4012
8629
8080
4906
6612
8824
1157
4751
7582
6323
8912
1332
7249
8054
5022
6
3331
7047
2874
6082
4209
4479
2300
1064
1537
8766
3029
7076
4720
2615
6060
9861
4035
7918
3496
1093
6189
2732
4609
1498
5984
4132
890
7291
414
5741
5687
3758
6988
8902
4645
1490
6392
2077
1616
2721
675
3888
978
7495
2073
1437
1367
1999
4335
6971
7689
4257
7903
2844
8035
5644
2720
6777
9547
158
7531
6904
2693
7258
2605
8790
6474
8210
3503
4701
8085
353
7212
8746
9260
8459
8312
225
8168
7490
2104
1457
38
6377
3663
5756
1954
8254
6638
5733
7234
8534
3271
2129
2631
8575
7597
8576
7240
9350
7087
8258
5452
6466
4080
4295
7508
5190
7272
6883
358
1689
5277
6705
8316
4620
8781
5906
7810
9413
5205
5102
2921
6098
9912
7267
8824
390
1027
7133
8327
6884
666
7752
2654
2672
4043
4272
1399
9471
9272
8654
8134
2451
4964
8026
7539
4326
9729
3709
7133
4019
7558
7562
1667
207
5717
7199
1107
1403
7284
1913
3712
5882
8720
6666
4222
6725
4003
2409
3365
9510
733
7121
9032
2806
381
3530
1297
4478
4376
6192
3181
67
67
2818
6583
3000
5797
2092
8095
259
2268
3016
2556
1241
8190
8853
3180
2065
1809
2116
5810
2282
6297
5722
1448
6116
6280
9454
5591
5691
4729
129
5093
9450
4385
8540
3293
5005
5482
6156
1967
1956
2069
9770
4288
6908
2469
2920
6446
9857
5559
8690
6818
8390
3451
9758
658
3748
2885
7981
5176
680
2189
7674
4542
1244
8009
3823
6896
1240
6191
8911
5734
6769
4151
9796
6196
7614
7894
9104
2735
3536
5414
4006
8370
9417
9639
8906
7352
5235
8319
7565
2394
7245
5282
4503
4882
7499
7338
5121
1433
9813
3800
8941
3019
1659
1030
585
3514
3099
2745
8671
2953
5841
7897
3715
7056
7777
1887
2223
8654
944
3540
5749
8516
3749
9911
439
2800
1533
3224
4706
1844
3035
9512
158
329
4191
6460
3563
2007
4841
8733
5789
3103
8364
2706
6942
7285
9073
8915
5661
1651
7243
9767
4492
7577
7094
2100
2590
2465
8719
9032
1608
8435
1012
3226
555
1834
8951
4113
675
3063
5286
5002
1917
9684
3586
2014
8483
7000
6944
5768
2075
9413
4167
8418
7986
2715
3202
3231
989
2180
9781
1201
5061
3842
7757
9404
3474
6639
6463
8759
3446
1281
9575
4616
2692
7591
9417
2283
3504
5892
428
922
3732
9525
5581
3538
2986
5008
9991
7799
6721
3532
6580
2289
460
2489
9792
5446
1361
8563
4603
9948
4561
4554
9775
3556
7308
516
6244
8563
4733
6113
3803
5910
7320
5107
1851
6728
1623
4814
2857
3647
2564
3041
409
6541
7796
2555
7247
2550
2026
8411
2514
8196
1933
6662
1605
2215
410
3845
6463
1308
2165
5483
8952
7443
1463
8343
5003
4585
6734
5606
2647
4715
6120
6313
2779
7943
2614
436
7467
9089
7403
8751
7025
3660
5275
2358
3662
9391
6466
65
6526
5671
5253
3214
214
2025
6722
6504
6396
8625
9679
313
6145
6283
5452
4689
8717
775
9449
7705
1120
6479
4813
1189
1567
7323
5176
4953
9156
8781
6664
6657
1481
3322
7607
8110
1729
3072
8113
475
6886
7719
669
155
9043
2713
7214
4392
2553
2667
7787
583
788
7544
719
6143
7585
4678
4670
6411
137
7975
8289
6503
2010
6746
4193
9291
7303
534
113
5778
9489
3025
1578
5981
1427
7697
7295
8185
6209
163
499
1890
2084
7387
6986
5123
8459
1905
3309
9930
4216
9952
6613
783
3974
6057
1030
9400
2755
3012
4168
6101
4552
5417
1279
2112
5746
6999
3945
9515
9994
6770
4796
5516
7248
6763
9647
5501
5916
4554
3737
5034
3804
7071
9273
4373
455
8296
7382
316
772
2379
8707
9321
7411
5418
3454
2670
7301
3698
3413
9165
5893
3520
5676
3386
1254
7942
155
7789
8949
8730
759
5157
7835
7569
3165
3751
6287
9246
465
1368
8262
897
1651
6031
8569
5633
6925
426
7217
5935
8081
4408
3359
2021
1868
4912
407
3084
9146
5416
5233
4772
2916
7735
5993
4551
3819
7393
5113
7734
2634
49
6209
838
5418
562
6350
5678
8471
8128
7922
7154
7103
649
7601
20
4280
8968
3456
5103
2702
6999
5035
3431
6556
6793
5446
7487
7290
8676
8911
2439
1088
5227
2026
6602
4437
4510
2074
9614
8152
2348
1128
8850
9532
5583
382
9455
6949
8348
5192
1039
1103
1122
7639
4559
2408
8030
70
6206
4543
1278
46
1198
64
2859
4406
9336
5160
2767
7715
5878
7133
9810
8305
5809
9963
5845
3300
7013
487
6725
2551
7925
96
3610
258
8285
4651
6410
2176
7387
8333
7075
5802
2812
5532
4205
680
4056
8565
2036
6076
9712
8000
6239
3668
3854
6661
6158
3589
7189
8023
8119
3220
1163
4645
7303
9446
8701
2489
6249
6746
3561
2596
6546
5430
1355
2399
6535
6665
9259
5173
1864
3448
8100
7593
7691
9645
91
2200
981
2402
7837
3663
8860
6737
5381
5201
4338
5024
39
4222
3802
8154
4592
4326
1673
9687
2980
4198
6352
9024
9052
2550
8166
4777
7194
2317
4392
4865
5648
6594
8663
5608
8232
3422
2048
8100
7813
6455
915
6482
5353
3819
2353
9400
1686
7969
1336
2877
5224
5294
5096
116
7763
5325
9249
1334
2251
5971
7078
4627
926
2939
8095
7080
9626
8681
4516
3868
4164
8598
4576
1911
7708
9989
9799
3833
3873
2301
9219
7387
8814
5571
7359
5346
7064
7695
4338
878
58
71
5833
3888
3338
5538
7857
4485
8301
2134
6295
759
6977
1084
3985
9404
3852
7758
8745
9382
7009
9812
4211
739
1978
7639
1603
3027
5589
8433
4601
320
3870
6664
1426
2736
7554
544
7868
7578
1130
6228
2579
6762
6507
8885
1198
985
404
2533
9082
5289
5267
8600
3302
5118
7247
6527
3364
6723
1054
8405
6674
895
840
3663
9144
4368
8248
9088
3538
8991
3629
4121
8178
4738
4087
1258
6438
9012
2530
6679
3083
1329
5131
6743
6984
9424
765
1878
974
115
4874
571
8690
5820
1947
2657
5142
5573
5338
2921
2420
7525
519
3120
4496
8520
7995
2998
5376
5107
5133
8594
2988
9546
1889
9193
7155
3809
4092
2651
3767
4342
9287
2499
8799
471
4434
9241
5269
9706
1733
2543
3355
3941
8778
632
8978
1521
1830
8200
8900
1560
6526
4277
1092
8477
8631
7158
7518
6714
8513
4314
2797
7863
6968
1377
6197
5034
6732
5837
6410
2169
3576
7838
8131
9247
3203
2613
7086
7831
5374
6520
5394
5251
4620
1400
2331
9882
7741
9986
6478
4416
1849
8545
4045
8807
3149
1520
4650
9686
5899
7013
327
8387
2988
1215
5624
5499
4459
4511
6753
5832
7964
1935
5513
4068
5600
5883
9373
7975
4890
9549
2548
3066
7751
5427
4138
9828
240
4379
8520
2253
7546
7307
9991
4291
3314
3234
8454
9079
9641
4717
5352
4290
4363
3997
9457
5816
5112
966
208
1146
5529
7133
2242
3231
7522
8145
8560
5457
4947
1053
1290
8375
8273
1554
8427
9292
6864
747
2136
6498
5333
512
9152
963
3127
1604
6748
9638
1943
8777
8226
6194
3890
2815
485
6934
4413
187
2362
1957
7893
7295
6588
4179
598
7696
