559
633
638
851
421
415
937
681
385
198
335
918
724
842
854
919
661
676
386
107
285
171
954
183
196
118
770
5
127
205
644
150
654
690
740
205
253
288
773
821
369
238
705
611
896
994
722
21
419
905
775
453
850
772
221
2
654
166
209
363
653
988
272
664
552
799
208
174
671
65
765
142
95
664
807
282
358
628
630
739
51
301
821
739
233
904
627
504
338
696
63
424
354
759
125
920
375
787
328
940
333
96
458
477
571
491
845
116
166
553
720
121
386
362
178
219
420
684
81
845
591
158
796
296
560
70
981
922
671
915
798
233
455
44
803
522
503
324
484
441
343
989
855
740
738
478
787
279
788
378
789
264
543
321
749
601
428
8
766
207
599
350
542
60
530
126
6
846
538
392
741
28
650
380
531
276
218
523
827
297
935
781
232
225
484
443
147
897
834
137
587
552
355
880
788
696
284
621
631
160
762
828
113
637
617
452
40
343
279
694
903
755
769
842
396
815
479
668
356
347
526
679
25
930
856
889
383
921
889
616
955
833
438
205
964
816
809
535
887
570
530
613
499
600
844
541
248
381
237
690
396
644
521
959
677
710
668
573
369
502
431
14
566
663
0
313
160
950
358
121
460
930
791
669
669
850
950
10
461
420
229
656
698
188
755
91
945
112
188
410
800
925
612
773
218
885
297
195
948
554
730
676
933
319
396
611
987
461
947
914
396
725
57
325
112
499
985
911
75
913
75
881
821
390
720
421
935
446
89
428
97
827
758
709
445
383
747
395
745
431
851
79
329
774
71
474
166
902
935
177
445
400
928
443
979
35
836
797
363
514
784
656
270
446
910
84
504
598
127
278
392
164
175
358
923
372
240
560
575
440
699
997
111
572
225
739
802
430
300
58
369
254
439
372
674
614
815
577
656
603
746
163
237
79
511
770
965
541
264
619
2
51
386
525
592
599
490
79
616
311
417
921
897
833
993
947
929
362
37
699
405
772
56
193
393
471
372
866
334
666
948
430
61
989
21
891
911
522
736
152
620
560
426
180
71
699
771
918
211
89
102
754
368
53
299
596
973
621
274
359
233
882
821
920
582
505
697
400
889
208
140
997
204
447
707
437
545
89
219
518
630
366
769
153
698
33
318
780
539
158
77
0
668
720
998
821
119
754
973
961
678
553
971
229
521
111
247
121
107
794
902
453
870
985
558
976
748
281
609
679
792
665
568
702
174
991
302
576
703
984
522
782
555
941
780
498
311
296
344
726
531
186
744
943
66
254
520
792
981
921
630
345
524
545
303
919
790
939
631
499
857
947
30
305
964
942
822
219
967
338
579
322
682
474
524
0
941
538
265
715
142
459
353
793
813
127
689
271
292
621
580
181
853
580
348
395
803
271
738
533
862
400
22
296
863
228
617
955
194
74
235
721
666
866
75
100
470
27
324
417
665
556
304
147
221
923
892
778
963
986
489
536
918
956
694
361
425
139
987
254
125
0
229
210
351
906
464
743
730
760
580
185
833
615
638
760
504
294
287
734
124
950
536
738
424
528
281
804
610
41
434
472
524
667
177
821
264
714
878
200
207
602
447
944
639
163
466
388
273
709
273
29
786
529
267
793
114
669
95
986
665
176
80
613
806
181
164
496
914
626
910
790
83
694
613
237
67
445
338
799
383
561
849
105
568
547
680
463
480
203
285
96
185
707
120
629
394
197
703
791
664
258
198
772
557
410
803
647
724
238
340
827
480
537
677
524
741
495
317
835
354
702
300
147
719
494
808
210
347
976
267
442
394
834
477
685
543
959
368
932
567
733
209
275
761
791
729
649
25
978
439
801
717
231
600
233
625
100
710
812
252
676
53
175
417
769
893
946
613
255
120
396
877
683
705
73
986
372
185
587
619
424
459
767
780
328
622
24
168
60
184
943
355
901
10
774
648
492
549
695
195
19
419
515
493
790
227
686
732
890
584
377
505
35
624
627
303
238
984
522
874
405
134
690
942
501
119
391
14
530
317
888
20
144
510
815
283
351
679
772
903
447
226
425
972
994
944
984
160
404
954
60
138
420
996
506
976
618
909
113
121
835
890
641
815
304
111
998
873
144
593
88
492
799
817
198
422
918
374
620
169
197
160
551
66
664
990
240
979
983
240
768
169
365
92
828
256
813
247
318
630
575
495
645
584
790
371
158
396
562
242
211
160
903
547
994
586
238
602
419
169
470
317
1
117
908
427
923
157
739
342
202
882
69
521
120
621
19
358
953
872
771
932
300
294
959
598
219
798
299
